cscCSL1A15 406 351 460 381 
cscCSL1A13 406 393 460 424 
cscCSL1A11 406 438 460 469 
cscCSL1A09 406 155 460 162 
cscCSL1A09 406 480 460 487 
cscCSL1A07 406 173 460 204 
cscCSL1A05 406 218 460 249 
cscCSL1A03 406 261 460 291 
cscCSL1A01 406 306 460 336 
cscCSL1C15  88 351 142 381 
cscCSL1C13  88 393 142 424 
cscCSL1C11  88 438 142 469 
cscCSL1C09  88 155 142 162 
cscCSL1C09  88 480 142 487 
cscCSL1C07  88 173 142 204 
cscCSL1C05  88 218 142 249 
cscCSL1C03  88 261 142 291 
cscCSL1C01  88 306 142 336 
cscCSS1A16 406 332 460 352 
cscCSS1A14 406 377 460 397 
cscCSS1A12 406 419 460 442 
cscCSS1A10 406 464 460 485 
cscCSS1A08 406 157 460 178 
cscCSS1A06 406 200 460 220 
cscCSS1A04 406 245 460 265 
cscCSS1A02 406 290 460 310 
cscCSS1C16  88 332 142 352 
cscCSS1C14  88 377 142 397 
cscCSS1C12  88 419 142 442 
cscCSS1C10  88 464 142 485 
cscCSS1C08  88 157 142 178 
cscCSS1C06  88 200 142 223 
cscCSS1C04  88 245 142 265 
cscCSS1C02  88 290 142 310 
