mdtBOL7A07 309 401 320 416 
mdtBOL7C07 228 401 242 416 
mdtBME1A07 319 401 329 416 
mdtBME1C07 219 401 229 416 
mdtEOS6A08 363 335 370 352 
mdtEOS6A07 363 380 373 395 
mdtEOS6A06 363 422 370 440 
mdtEOS6A05 363 467 373 485 
mdtEOS6A04 363 157 370 175 
mdtEOS6A03 363 202 370 220 
mdtEOS6A02 363 247 370 262 
mdtEOS6A01 363 290 370 307 
mdtEOS6C08 178 335 185 352 
mdtEOS6C07 178 380 185 395 
mdtEOS6C06 178 422 185 440 
mdtEOS6C05 178 467 185 485 
mdtEOS6C04 178 157 185 175 
mdtEOS6C03 178 202 185 220 
mdtEOS6C02 175 247 185 262 
mdtEOS6C01 175 290 185 307 
mdtEOS5A08 369 335 379 352 
mdtEOS5A07 369 377 379 395 
mdtEOS5A06 369 422 379 440 
mdtEOS5A05 369 467 379 485 
mdtEOS5A04 369 157 379 175 
mdtEOS5A03 369 202 379 220 
mdtEOS5A02 369 247 379 265 
mdtEOS5A01 369 290 379 307 
mdtEOS5C08 169 335 179 352 
mdtEOS5C07 169 380 179 395 
mdtEOS5C06 169 422 179 440 
mdtEOS5C05 169 467 179 482 
mdtEOS5C04 169 157 179 175 
mdtEOS5C03 169 202 179 220 
mdtEOS5C02 169 247 179 265 
mdtEOS5C01 169 290 179 307 
mdtEOS4A08 378 335 392 352 
mdtEOS4A07 378 377 392 397 
mdtEOS4A06 378 422 392 440 
mdtEOS4A05 378 467 392 485 
mdtEOS4A04 378 157 392 175 
mdtEOS4A03 378 202 392 220 
mdtEOS4A02 378 247 392 265 
mdtEOS4A01 378 290 392 307 
mdtEOS4C08 156 335 170 352 
mdtEOS4C07 156 377 170 395 
mdtEOS4C06 156 422 170 440 
mdtEOS4C05 156 467 170 485 
mdtEOS4C04 156 157 170 175 
mdtEOS4C03 156 202 170 220 
mdtEOS4C02 156 247 170 262 
mdtEOS4C01 156 290 170 307 
mdtEOS3A08 388 335 407 352 
mdtEOS3A07 388 377 407 397 
mdtEOS3A06 388 422 407 440 
mdtEOS3A05 388 467 407 485 
mdtEOS3A04 388 157 407 175 
mdtEOS3A03 391 202 407 220 
mdtEOS3A02 388 245 407 265 
mdtEOS3A01 388 290 407 307 
mdtEOS3C08 141 335 160 352 
mdtEOS3C07 141 377 160 397 
mdtEOS3C06 141 422 160 440 
mdtEOS3C05 141 467 160 485 
mdtEOS3C04 141 157 160 178 
mdtEOS3C03 141 202 160 220 
mdtEOS3C02 141 245 160 265 
mdtEOS3C01 141 290 160 307 
mdtEOS2A08 403 332 426 352 
mdtEOS2A07 403 377 426 397 
mdtEOS2A06 403 422 426 440 
mdtEOS2A05 403 464 426 485 
mdtEOS2A04 403 157 426 178 
mdtEOS2A03 403 202 426 220 
mdtEOS2A02 403 245 426 265 
mdtEOS2A01 403 290 426 307 
mdtEOS2C08 122 332 145 352 
mdtEOS2C07 122 377 145 397 
mdtEOS2C06 122 422 145 440 
mdtEOS2C05 122 464 145 485 
mdtEOS2C04 122 157 145 178 
mdtEOS2C03 122 202 145 220 
mdtEOS2C02 122 245 145 265 
mdtEOS2C01 122 290 145 307 
mdtEOS1A08 425 332 460 355 
mdtEOS1A07 425 377 460 397 
mdtEOS1A06 425 419 457 442 
mdtEOS1A05 425 464 460 485 
mdtEOS1A04 425 155 460 178 
mdtEOS1A03 425 200 460 223 
mdtEOS1A02 425 245 460 265 
mdtEOS1A01 425 287 460 310 
mdtEOS1C08  88 332 123 352 
mdtEOS1C07  91 374 123 397 
mdtEOS1C06  88 419 123 442 
mdtEOS1C05  88 464 123 485 
mdtEOS1C04  88 155 123 178 
mdtEOS1C03  88 200 123 223 
mdtEOS1C02  88 245 123 265 
mdtEOS1C01  88 287 123 310 
mdtEOL6A08 359 351 373 379 
mdtEOL6A07 363 396 370 424 
mdtEOL6A06 359 441 373 466 
mdtEOL6A05 363 155 370 162 
mdtEOL6A05 363 480 370 487 
mdtEOL6A04 359 176 373 204 
mdtEOL6A03 359 218 373 246 
mdtEOL6A02 363 263 373 291 
mdtEOL6A01 359 308 373 334 
mdtEOL6C08 178 351 185 379 
mdtEOL6C07 178 396 189 424 
mdtEOL6C06 175 441 189 466 
mdtEOL6C05 178 155 189 162 
mdtEOL6C05 178 480 189 487 
mdtEOL6C04 175 176 189 204 
mdtEOL6C03 175 221 185 246 
mdtEOL6C02 175 263 189 291 
mdtEOL6C01 175 308 189 334 
mdtEOL5A08 369 351 379 379 
mdtEOL5A07 369 396 379 424 
mdtEOL5A06 369 438 379 466 
mdtEOL5A05 369 155 379 162 
mdtEOL5A05 369 480 379 487 
mdtEOL5A04 369 176 379 201 
mdtEOL5A03 369 218 379 246 
mdtEOL5A02 369 263 379 291 
mdtEOL5A01 369 308 379 334 
mdtEOL5C08 169 351 179 379 
mdtEOL5C07 169 396 179 424 
mdtEOL5C06 169 438 179 466 
mdtEOL5C05 169 155 179 162 
mdtEOL5C05 169 480 179 487 
mdtEOL5C04 169 176 179 204 
mdtEOL5C03 169 218 179 246 
mdtEOL5C02 169 263 179 291 
mdtEOL5C01 169 308 179 334 
mdtEOL4A08 378 351 392 379 
mdtEOL4A07 378 396 392 424 
mdtEOL4A06 378 438 392 466 
mdtEOL4A05 378 155 392 162 
mdtEOL4A05 378 480 392 487 
mdtEOL4A04 378 176 392 204 
mdtEOL4A03 378 218 392 246 
mdtEOL4A02 378 263 392 291 
mdtEOL4A01 378 308 392 336 
mdtEOL4C08 156 351 170 379 
mdtEOL4C07 156 396 170 424 
mdtEOL4C06 156 438 170 466 
mdtEOL4C05 156 155 170 162 
mdtEOL4C05 156 480 170 487 
mdtEOL4C04 156 176 170 204 
mdtEOL4C03 156 218 170 246 
mdtEOL4C02 156 263 170 291 
mdtEOL4C01 156 308 170 336 
mdtEOL3A08 388 351 404 379 
mdtEOL3A07 388 396 404 424 
mdtEOL3A06 388 438 404 466 
mdtEOL3A05 388 155 404 162 
mdtEOL3A05 388 480 404 487 
mdtEOL3A04 388 176 404 204 
mdtEOL3A03 388 218 404 246 
mdtEOL3A02 388 263 404 291 
mdtEOL3A01 388 306 404 336 
mdtEOL3C08 144 351 160 379 
mdtEOL3C07 144 396 160 424 
mdtEOL3C06 144 438 160 466 
mdtEOL3C05 144 155 160 162 
mdtEOL3C05 144 480 160 487 
mdtEOL3C04 144 176 160 204 
mdtEOL3C03 144 218 160 246 
mdtEOL3C02 144 263 160 291 
mdtEOL3C01 144 308 160 336 
mdtEOL2A08 400 351 426 379 
mdtEOL2A07 403 393 426 424 
mdtEOL2A06 403 438 426 469 
mdtEOL2A05 403 155 426 162 
mdtEOL2A05 403 480 426 487 
mdtEOL2A04 403 173 426 204 
mdtEOL2A03 403 218 426 249 
mdtEOL2A02 403 263 426 291 
mdtEOL2A01 403 306 426 336 
mdtEOL2C08 122 351 145 379 
mdtEOL2C07 122 393 148 424 
mdtEOL2C06 122 438 148 469 
mdtEOL2C05 122 155 145 162 
mdtEOL2C05 122 480 145 487 
mdtEOL2C04 122 173 148 204 
mdtEOL2C03 122 218 145 249 
mdtEOL2C02 122 263 145 291 
mdtEOL2C01 122 306 145 336 
mdtEOL1A08 422 351 457 381 
mdtEOL1A07 425 393 457 424 
mdtEOL1A06 422 438 457 469 
mdtEOL1A05 425 155 457 162 
mdtEOL1A05 425 480 457 487 
mdtEOL1A04 422 173 457 204 
mdtEOL1A03 422 218 457 249 
mdtEOL1A02 422 261 457 291 
mdtEOL1A01 422 306 457 336 
mdtEOL1C08  91 351 126 381 
mdtEOL1C07  91 393 126 424 
mdtEOL1C06  91 438 126 469 
mdtEOL1C05  91 155 126 162 
mdtEOL1C05  91 480 126 487 
mdtEOL1C04  91 173 126 204 
mdtEOL1C03  91 218 126 249 
mdtEOL1C02  91 263 126 291 
mdtEOL1C01  91 306 126 336 
mdtEMS5A08 341 335 354 352 
mdtEMS5A07 341 380 354 395 
mdtEMS5A06 341 422 351 440 
mdtEMS5A05 341 467 351 482 
mdtEMS5A04 341 157 351 175 
mdtEMS5A03 341 202 351 220 
mdtEMS5A02 341 247 351 262 
mdtEMS5A01 341 290 354 307 
mdtEMS5C08 194 335 207 352 
mdtEMS5C07 194 380 207 395 
mdtEMS5C06 197 422 207 440 
mdtEMS5C05 197 467 207 485 
mdtEMS5C04 194 160 207 175 
mdtEMS5C03 194 202 207 220 
mdtEMS5C02 194 247 207 262 
mdtEMS5C01 197 290 207 307 
mdtEMS4A08 350 335 367 352 
mdtEMS4A07 350 380 367 395 
mdtEMS4A06 350 422 367 440 
mdtEMS4A05 350 467 367 485 
mdtEMS4A04 350 157 367 175 
mdtEMS4A03 350 202 367 220 
mdtEMS4A02 350 247 367 262 
mdtEMS4A01 350 290 367 307 
mdtEMS4C08 181 335 198 352 
mdtEMS4C07 181 380 198 395 
mdtEMS4C06 181 422 198 440 
mdtEMS4C05 181 467 198 485 
mdtEMS4C04 181 157 198 175 
mdtEMS4C03 181 202 198 220 
mdtEMS4C02 181 247 198 262 
mdtEMS4C01 181 290 198 307 
mdtEMS3A08 363 335 382 352 
mdtEMS3A07 363 377 382 395 
mdtEMS3A06 363 422 382 440 
mdtEMS3A05 363 467 382 485 
mdtEMS3A04 363 157 382 175 
mdtEMS3A03 363 202 382 220 
mdtEMS3A02 363 247 382 265 
mdtEMS3A01 363 290 382 307 
mdtEMS3C08 166 335 185 352 
mdtEMS3C07 166 380 185 395 
mdtEMS3C06 166 422 185 440 
mdtEMS3C05 166 467 185 485 
mdtEMS3C04 166 157 185 175 
mdtEMS3C03 166 202 185 220 
mdtEMS3C02 166 247 185 265 
mdtEMS3C01 166 290 185 307 
mdtEMS2A08 381 335 410 352 
mdtEMS2A07 381 377 410 397 
mdtEMS2A06 381 422 410 440 
mdtEMS2A05 381 464 410 485 
mdtEMS2A04 381 157 410 178 
mdtEMS2A03 381 202 410 220 
mdtEMS2A02 381 245 410 265 
mdtEMS2A01 381 290 410 307 
mdtEMS2C08 138 335 167 352 
mdtEMS2C07 138 377 167 397 
mdtEMS2C06 138 422 167 440 
mdtEMS2C05 138 464 167 485 
mdtEMS2C04 138 157 167 178 
mdtEMS2C03 138 202 167 220 
mdtEMS2C02 138 245 167 265 
mdtEMS2C01 138 290 167 307 
mdtEMS1A08 406 332 460 355 
mdtEMS1A07 406 377 457 397 
mdtEMS1A06 406 419 457 442 
mdtEMS1A05 406 464 457 485 
mdtEMS1A04 406 155 457 178 
mdtEMS1A03 406 200 460 223 
mdtEMS1A02 409 245 457 268 
mdtEMS1A01 406 287 460 310 
mdtEMS1C08  91 332 142 355 
mdtEMS1C07  91 377 139 397 
mdtEMS1C06  91 419 142 442 
mdtEMS1C05  91 464 142 487 
mdtEMS1C04  91 155 142 178 
mdtEMS1C03  91 200 142 223 
mdtEMS1C02  91 245 142 268 
mdtEMS1C01  91 287 139 310 
mdtEML5A08 341 351 357 379 
mdtEML5A07 344 396 354 424 
mdtEML5A06 344 441 354 466 
mdtEML5A05 344 155 354 162
mdtEML5A05 344 480 354 487  
mdtEML5A04 344 176 354 201 
mdtEML5A03 344 218 354 246 
mdtEML5A02 344 263 354 291 
mdtEML5A01 344 308 354 334 
mdtEML5C08 191 351 204 379 
mdtEML5C07 194 396 207 424 
mdtEML5C06 194 441 207 466 
mdtEML5C05 194 155 207 162 
mdtEML5C05 194 480 207 487 
mdtEML5C04 194 176 204 201 
mdtEML5C03 194 218 207 246 
mdtEML5C02 194 263 204 291 
mdtEML5C01 194 308 207 334 
mdtEML4A08 353 351 370 379 
mdtEML4A07 353 396 370 424 
mdtEML4A06 353 441 370 466 
mdtEML4A05 353 155 370 162 
mdtEML4A05 353 480 370 487 
mdtEML4A04 353 176 370 204 
mdtEML4A03 353 218 370 246 
mdtEML4A02 353 263 370 291 
mdtEML4A01 353 308 370 334 
mdtEML4C08 178 351 195 379 
mdtEML4C07 178 396 195 424 
mdtEML4C06 178 438 195 466 
mdtEML4C05 178 155 195 162 
mdtEML4C05 178 480 195 487 
mdtEML4C04 178 176 195 201 
mdtEML4C03 178 218 195 246 
mdtEML4C02 178 263 195 291 
mdtEML4C01 178 308 195 334 
mdtEML3A08 366 351 389 379 
mdtEML3A07 366 396 389 424 
mdtEML3A06 366 438 389 466 
mdtEML3A05 366 155 389 162 
mdtEML3A05 366 480 389 487 
mdtEML3A04 366 176 389 204 
mdtEML3A03 366 218 389 246 
mdtEML3A02 366 263 389 291 
mdtEML3A01 366 308 389 334 
mdtEML3C08 159 351 182 379 
mdtEML3C07 159 396 182 424 
mdtEML3C06 159 438 182 466 
mdtEML3C05 159 155 182 162
mdtEML3C05 159 480 182 487  
mdtEML3C04 159 176 182 204 
mdtEML3C03 159 218 182 246 
mdtEML3C02 159 263 182 291 
mdtEML3C01 159 308 182 334 
mdtEML2A08 384 351 417 379 
mdtEML2A07 384 393 417 424 
mdtEML2A06 384 438 417 469 
mdtEML2A05 384 155 417 162 
mdtEML2A05 384 480 417 487 
mdtEML2A04 384 173 417 204 
mdtEML2A03 384 218 417 246 
mdtEML2A02 384 263 417 291 
mdtEML2A01 384 306 417 336 
mdtEML2C08 131 351 164 379 
mdtEML2C07 131 393 164 424 
mdtEML2C06 131 438 164 469 
mdtEML2C05 134 155 164 162
mdtEML2C05 134 480 164 487  
mdtEML2C04 131 173 164 204 
mdtEML2C03 131 218 164 246 
mdtEML2C02 131 263 164 291 
mdtEML2C01 131 306 164 336 
mdtEML1A08 413 348 460 381 
mdtEML1A07 413 393 460 426 
mdtEML1A06 413 435 460 469 
mdtEML1A05 413 155 460 162 
mdtEML1A05 413 480 460 487 
mdtEML1A04 413 173 460 207 
mdtEML1A03 413 216 460 249 
mdtEML1A02 413 261 460 294 
mdtEML1A01 413 303 460 336 
mdtEML1C08  88 348 135 381 
mdtEML1C07  88 393 135 426 
mdtEML1C06  88 438 135 469 
mdtEML1C05  88 155 135 162 
mdtEML1C05  88 480 135 487 
mdtEML1C04  88 173 135 207 
mdtEML1C03  88 216 135 249 
mdtEML1C02  88 261 135 294 
mdtEML1C01  88 306 135 336 
mdtEES2A08 341 335 351 352 
mdtEES2A07 341 380 351 395 
mdtEES2A06 341 422 351 440 
mdtEES2A05 341 467 351 485 
mdtEES2A04 341 157 351 175 
mdtEES2A03 341 202 351 220 
mdtEES2A02 341 247 351 262 
mdtEES2A01 341 290 351 307 
mdtEES2C08 197 335 207 352 
mdtEES2C07 197 380 207 395 
mdtEES2C06 197 422 207 440 
mdtEES2C05 197 467 207 485 
mdtEES2C04 197 157 207 175 
mdtEES2C03 197 202 207 220 
mdtEES2C02 197 247 207 262 
mdtEES2C01 197 290 207 307 
mdtEES1A08 347 335 364 352 
mdtEES1A07 347 380 364 395 
mdtEES1A06 350 422 364 440 
mdtEES1A05 350 467 364 485 
mdtEES1A04 347 157 364 175 
mdtEES1A03 347 202 364 220 
mdtEES1A02 347 247 364 262 
mdtEES1A01 350 290 364 307 
mdtEES1C08 184 335 201 352 
mdtEES1C07 184 380 198 395 
mdtEES1C06 184 422 201 440 
mdtEES1C05 184 467 201 485 
mdtEES1C04 184 157 201 175 
mdtEES1C03 184 202 201 220 
mdtEES1C02 184 247 198 262 
mdtEES1C01 184 290 201 307 
mdtEEL1A03 344 224 357 241 
mdtEEL1C03 191 224 204 241 
mdtEEL2A08 344 351 354 379 
mdtEEL2A07 341 396 354 421 
mdtEEL2A06 341 441 354 466 
mdtEEL2A05 341 155 351 162 
mdtEEL2A05 341 480 351 487 
mdtEEL2A04 341 176 354 201 
mdtEEL2A02 341 263 354 291 
mdtEEL2A01 341 308 354 334 
mdtEEL2C08 194 351 204 379 
mdtEEL2C07 194 396 204 421 
mdtEEL2C06 194 441 207 466 
mdtEEL2C05 197 155 207 162 
mdtEEL2C05 197 487 207 487 
mdtEEL2C04 194 176 204 201 
mdtEEL2C02 194 263 207 291 
mdtEEL2C01 194 308 204 334 
mdtEEL1A08 350 351 364 379 
mdtEEL1A07 350 396 364 421 
mdtEEL1A06 350 441 364 466 
mdtEEL1A05 350 155 364 162 
mdtEEL1A05 350 480 364 487 
mdtEEL1A04 350 176 364 201 
mdtEEL1A02 350 263 364 291 
mdtEEL1A01 350 308 364 334 
mdtEEL1C08 184 351 198 379 
mdtEEL1C07 184 396 198 421 
mdtEEL1C06 184 441 198 466 
mdtEEL1C05 184 155 198 162 
mdtEEL1C05 184 480 198 487 
mdtEEL1C04 184 176 198 201 
mdtEEL1C02 184 263 198 291 
mdtEEL1C01 184 308 198 334 
mdtEIS2A08 356 335 376 352 
mdtEIS2A07 356 377 376 397 
mdtEIS2A06 356 422 376 440 
mdtEIS2A05 356 464 376 485 
mdtEIS2A04 356 157 376 175 
mdtEIS2A03 356 202 376 220 
mdtEIS2A02 356 245 376 265 
mdtEIS2A01 356 290 376 307 
mdtEIS2C08 172 335 192 352 
mdtEIS2C07 172 377 192 397 
mdtEIS2C06 172 422 192 440 
mdtEIS2C05 172 467 192 485 
mdtEIS2C04 172 157 192 178 
mdtEIS2C03 172 202 192 220 
mdtEIS2C02 172 245 192 265 
mdtEIS2C01 172 290 192 307 
mdtEIS1A08 372 332 407 352 
mdtEIS1A07 372 377 407 397 
mdtEIS1A06 372 419 407 442 
mdtEIS1A05 372 464 407 485 
mdtEIS1A04 372 157 407 178 
mdtEIS1A03 372 200 407 223 
mdtEIS1A02 372 245 407 265 
mdtEIS1A01 372 290 407 310 
mdtEIS1C08 141 332 176 355 
mdtEIS1C07 141 377 176 397 
mdtEIS1C06 141 419 176 442 
mdtEIS1C05 141 464 176 485 
mdtEIS1C04 141 157 176 178 
mdtEIS1C03 141 200 176 223 
mdtEIS1C02 141 245 176 265 
mdtEIS1C01 141 290 176 310 
mdtEIL5A05 341 155 354 162 
mdtEIL5A05 341 480 354 487 
mdtEIL4A01 341 308 354 334 
mdtEIL5C05 194 155 210 162 
mdtEIL5C05 194 480 210 487 
mdtEIL4C01 194 308 207 334 
mdtEIL4A08 341 353 354 365 
mdtEIL4A06 338 451 354 466 
mdtEIL4C08 194 353 207 365 
mdtEIL4C06 194 451 207 466 
mdtEIL4A07 338 396 360 421 
mdtEIL4A04 341 176 360 196 
mdtEIL4A03 338 221 360 246 
mdtEIL4A02 341 263 360 289 
mdtEIL4C07 188 396 207 421 
mdtEIL4C04 188 176 207 196 
mdtEIL4C03 188 221 207 246 
mdtEIL4C02 188 263 207 289 
mdtEIL4A05 350 155 357 162 
mdtEIL4A05 350 480 357 487 
mdtEIL5A01 353 314 360 328
mdtEIL4C05 191 155 195 162 
mdtEIL4C05 191 480 195 487 
mdtEIL5C01 188 314 195 328  
mdtEIL3A08 356 353 367 373 
mdtEIL3A07 356 396 367 421 
mdtEIL3A06 356 446 367 463 
mdtEIL3A05 356 155 364 162 
mdtEIL3A05 356 480 364 487 
mdtEIL3A04 356 176 367 201 
mdtEIL3A03 356 221 367 246 
mdtEIL3A02 356 266 367 289 
mdtEIL3A01 356 308 367 334 
mdtEIL3C08 181 353 192 373 
mdtEIL3C07 181 398 192 421 
mdtEIL3C06 181 446 192 466 
mdtEIL3C05 184 155 192 162
mdtEIL3C05 184 480 192 487 
mdtEIL3C04 181 176 192 201 
mdtEIL3C03 184 221 192 246 
mdtEIL3C02 181 266 192 289 
mdtEIL3C01 181 308 192 334 
mdtEIL2A08 359 351 382 379 
mdtEIL2A07 359 393 382 424 
mdtEIL2A06 359 438 382 469 
mdtEIL2A05 359 155 382 162 
mdtEIL2A05 359 480 382 487 
mdtEIL2A04 359 173 382 204 
mdtEIL2A03 359 218 382 249 
mdtEIL2A02 359 263 382 291 
mdtEIL2A01 359 306 382 336 
mdtEIL2C08 166 351 189 379 
mdtEIL2C07 166 393 189 424 
mdtEIL2C06 166 438 189 469 
mdtEIL2C05 166 155 189 162 
mdtEIL2C05 166 480 189 487 
mdtEIL2C04 166 173 189 204 
mdtEIL2C03 166 218 189 246 
mdtEIL2C02 166 263 189 291 
mdtEIL2C01 166 306 189 336 
mdtEIL1A08 378 351 410 381 
mdtEIL1A07 378 393 410 424 
mdtEIL1A06 378 438 410 469 
mdtEIL1A05 378 155 410 162 
mdtEIL1A05 378 480 410 487 
mdtEIL1A04 378 173 410 204 
mdtEIL1A03 378 218 410 249 
mdtEIL1A02 378 261 410 291 
mdtEIL1A01 378 306 410 336 
mdtEIL1C08 138 351 170 381 
mdtEIL1C07 138 393 170 424 
mdtEIL1C06 138 438 170 469 
mdtEIL1C05 141 155 170 162 
mdtEIL1C05 141 480 170 487 
mdtEIL1C04 138 173 170 204 
mdtEIL1C03 138 218 170 249 
mdtEIL1C02 138 261 170 294 
mdtEIL1C01 138 306 170 336 
mdtBOG4A07 334 377 342 397 
mdtBOG4A06 334 422 342 440 
mdtBOG4C07 206 377 214 397 
mdtBOG4C06 206 422 214 440 
mdtBOG3A07 322 377 332 397 
mdtBOG3A06 322 422 329 440 
mdtBOG3C07 219 377 226 397 
mdtBOG3C06 219 422 226 440 
mdtBOG2A07 309 377 317 397 
mdtBOG2A06 309 422 317 440 
mdtBOG2C07 231 377 239 395 
mdtBOG2C06 231 422 239 440 
mdtBOG1A07 291 377 298 397 
mdtBOG1A06 291 422 298 440 
mdtBOG1C07 250 377 257 395 
mdtBOG1C06 250 422 257 440 
mdtBOG0A07 269 377 279 397 
mdtBOG0A06 269 422 279 440 
mdtBOF4A07 328 377 335 397 
mdtBOF4A06 328 422 335 440 
mdtBOF4C07 213 377 220 397 
mdtBOF4C06 213 422 220 440 
mdtBOF3A07 316 377 326 397 
mdtBOF3A06 316 422 326 440 
mdtBOF3C07 222 377 232 397 
mdtBOF3C06 222 422 232 440 
mdtBOF2A07 297 377 310 397 
mdtBOF2A06 297 422 310 440 
mdtBOF2C07 238 377 251 397 
mdtBOF2C06 238 422 251 440 
mdtBOF1A07 278 377 292 397 
mdtBOF1A06 278 422 292 440 
mdtBOF1C07 256 377 270 397 
mdtBOF1C06 256 422 270 440 
mdtBOS6A08 331 335 345 352 
mdtBOS6A05 331 464 345 485 
mdtBOS6A04 331 157 345 175 
mdtBOS6A03 331 202 345 220 
mdtBOS6A02 331 245 345 265 
mdtBOS6A01 331 290 345 307 
mdtBOS6C08 203 335 217 352 
mdtBOS6C05 203 467 217 485 
mdtBOS6C04 203 157 217 175 
mdtBOS6C03 203 202 217 220 
mdtBOS6C02 203 245 217 265 
mdtBOS6C01 203 290 217 307 
mdtBOS5A08 322 335 335 352 
mdtBOS5A05 322 464 335 485 
mdtBOS5A04 322 157 335 178 
mdtBOS5A03 322 202 335 220 
mdtBOS5A02 322 245 335 265 
mdtBOS5A01 322 290 335 307 
mdtBOS5C08 213 335 226 352 
mdtBOS5C05 213 464 226 485 
mdtBOS5C04 213 157 226 178 
mdtBOS5C03 213 202 226 220 
mdtBOS5C02 213 245 226 265 
mdtBOS5C01 213 290 226 307 
mdtBOS4A08 313 335 326 352 
mdtBOS4A05 313 464 326 485 
mdtBOS4A04 313 157 326 175 
mdtBOS4A03 313 202 326 220 
mdtBOS4A02 313 245 326 265 
mdtBOS4A01 313 290 326 307 
mdtBOS4C08 222 335 235 352 
mdtBOS4C05 222 464 235 485 
mdtBOS4C04 222 157 235 178 
mdtBOS4C03 222 202 235 220 
mdtBOS4C02 222 245 235 265 
mdtBOS4C01 222 290 235 307 
mdtBOS3A08 300 335 314 352 
mdtBOS3A05 300 464 314 485 
mdtBOS3A04 300 157 314 178 
mdtBOS3A03 300 202 314 220 
mdtBOS3A02 300 245 314 265 
mdtBOS3A01 300 290 314 307 
mdtBOS3C08 234 335 248 352 
mdtBOS3C05 234 464 248 485 
mdtBOS3C04 234 157 248 178 
mdtBOS3C03 234 202 248 220 
mdtBOS3C02 234 245 248 265 
mdtBOS3C01 234 290 248 307 
mdtBOS2A08 288 335 301 352 
mdtBOS2A05 288 464 301 485 
mdtBOS2A04 288 157 301 178 
mdtBOS2A03 288 202 301 220 
mdtBOS2A02 288 245 301 265 
mdtBOS2A01 288 290 301 307 
mdtBOS2C08 247 335 260 352 
mdtBOS2C05 247 464 260 485 
mdtBOS2C04 247 157 260 178 
mdtBOS2C03 247 202 260 220 
mdtBOS2C02 247 245 260 265 
mdtBOS2C01 247 290 260 307 
mdtBOS1A04 278 157 289 178 
mdtBOS1C04 259 157 270 178 
mdtBOS1A08 275 335 289 352 
mdtBOS1A05 275 464 289 485 
mdtBOS1A03 275 202 289 220 
mdtBOS1A02 275 245 289 265 
mdtBOS1A01 275 290 289 307 
mdtBOS1C08 259 335 273 352 
mdtBOS1C05 259 464 273 485 
mdtBOS1C03 259 202 273 220 
mdtBOS1C02 259 245 273 265 
mdtBOS1C01 259 290 273 307 
mdtBOL6A08 334 351 348 379 
mdtBOL6A07 334 396 348 424 
mdtBOL6A06 334 438 348 466 
mdtBOL6A05 334 155 348 162 
mdtBOL6A05 334 480 348 487 
mdtBOL6A04 334 176 348 204 
mdtBOL6A03 334 218 348 246 
mdtBOL6A02 334 263 348 291 
mdtBOL6A01 334 308 348 334 
mdtBOL6C08 200 351 214 379 
mdtBOL6C07 200 396 214 424 
mdtBOL6C06 200 438 214 466 
mdtBOL6C05 200 155 214 162 
mdtBOL6C05 200 480 214 487 
mdtBOL6C04 200 176 214 204 
mdtBOL6C03 200 218 214 246 
mdtBOL6C02 200 263 214 291 
mdtBOL6C01 200 308 214 334 
mdtBOL5A08 325 351 339 379 
mdtBOL5A07 325 396 339 424 
mdtBOL5A06 325 438 339 466 
mdtBOL5A05 325 155 339 162 
mdtBOL5A05 325 480 339 487 
mdtBOL5A04 325 176 339 204 
mdtBOL5A03 325 218 339 246 
mdtBOL5A02 325 263 339 291 
mdtBOL5A01 325 308 339 334 
mdtBOL5C08 209 351 223 379 
mdtBOL5C07 209 396 223 424 
mdtBOL5C06 209 438 223 466 
mdtBOL5C05 209 155 223 162 
mdtBOL5C05 209 480 223 487 
mdtBOL5C04 209 176 223 204 
mdtBOL5C03 209 218 223 246 
mdtBOL5C02 209 263 223 291 
mdtBOL5C01 209 308 223 334 
mdtBOL4A08 313 351 329 379 
mdtBOL4A07 313 396 329 424 
mdtBOL4A06 313 438 329 466 
mdtBOL4A05 313 155 329 162 
mdtBOL4A05 313 480 329 487 
mdtBOL4A04 313 176 329 204 
mdtBOL4A03 313 218 329 246 
mdtBOL4A02 313 263 329 291 
mdtBOL4A01 313 308 329 334 
mdtBOL4C08 219 351 235 379 
mdtBOL4C07 219 396 235 424 
mdtBOL4C06 219 438 235 466 
mdtBOL4C05 222 155 235 162 
mdtBOL4C05 222 480 235 487 
mdtBOL4C04 219 176 235 204 
mdtBOL4C03 219 218 235 246 
mdtBOL4C02 219 263 235 291 
mdtBOL4C01 219 308 235 334 
mdtBOL3A07 297 396 310 424 
mdtBOL3C07 238 396 251 424 
mdtBOL3A08 303 351 317 379 
mdtBOL3A06 303 438 317 466 
mdtBOL3A05 303 155 317 162 
mdtBOL3A05 303 480 317 487 
mdtBOL3A04 303 176 317 204 
mdtBOL3A03 303 218 317 246 
mdtBOL3A02 303 263 317 291 
mdtBOL3A01 303 308 317 334 
mdtBOL3C08 231 351 245 379 
mdtBOL3C06 231 438 245 466 
mdtBOL3C05 231 155 245 162 
mdtBOL3C05 231 480 245 487 
mdtBOL3C04 231 176 245 201 
mdtBOL3C03 231 218 245 246 
mdtBOL3C02 231 263 245 291 
mdtBOL3C01 231 308 245 334 
mdtBOL2C03 244 218 254 246 
mdtBOL2A07 288 396 301 424 
mdtBOL2C07 247 396 260 424 
mdtBOL2C08 244 351 260 379 
mdtBOL2C06 244 438 260 466 
mdtBOL2C05 244 155 257 162 
mdtBOL2C05 244 480 257 487 
mdtBOL2C04 244 176 257 204 
mdtBOL2C02 244 263 257 291 
mdtBOL2C01 244 308 260 334 
mdtBOL2A08 288 351 304 379 
mdtBOL2A06 288 438 304 466 
mdtBOL2A05 288 155 304 162 
mdtBOL2A05 288 480 304 487 
mdtBOL2A04 291 176 304 204 
mdtBOL2A03 288 218 304 246 
mdtBOL2A02 291 263 304 291 
mdtBOL2A01 291 308 304 334 
mdtBOL1C07 256 396 273 424 
mdtBOL1C05 256 155 270 162 
mdtBOL1C05 256 480 270 487 
mdtBOL1C03 253 218 264 246 
mdtBOL1C02 256 263 270 291 
mdtBOL1C01 256 308 270 334 
mdtBOL1C08 256 351 270 379 
mdtBOL1C06 256 438 270 466 
mdtBOL1A08 278 351 292 379 
mdtBOL1A07 278 396 292 424 
mdtBOL1A06 278 438 292 466 
mdtBOL1C04 256 176 270 204 
mdtBOL1A05 278 155 292 162 
mdtBOL1A05 278 480 292 487 
mdtBOL1A04 278 176 292 204 
mdtBOL1A03 275 218 292 246 
mdtBOL1A02 275 263 292 291 
mdtBOL1A01 275 308 292 334 
mdtBMF3A07 325 377 339 397 
mdtBMF3A06 325 422 339 442 
mdtBMF3C07 209 377 223 397 
mdtBMF3C06 209 422 223 440 
mdtBMF2A07 306 377 320 397 
mdtBMF2A06 306 422 320 440 
mdtBMF2C07 228 377 242 397 
mdtBMF2C06 228 422 245 442 
mdtBMF1A07 278 377 298 397 
mdtBMF1A06 278 422 298 442 
mdtBMF1C07 250 377 270 397 
mdtBMF1C06 250 422 270 442 
mdtBMS6A08 331 332 339 352 
mdtBMS6A05 328 464 339 485 
mdtBMS6A04 328 157 339 178 
mdtBMS6A03 331 200 339 220 
mdtBMS6A02 331 245 339 265 
mdtBMS6A01 328 290 339 310 
mdtBMS6C08 209 332 220 352 
mdtBMS6C05 209 464 217 485 
mdtBMS6C04 209 157 217 178 
mdtBMS6C03 209 202 217 220 
mdtBMS6C02 209 245 217 265 
mdtBMS6C01 209 290 217 307 
mdtBMS6A08 331 332 339 352 
mdtBMS6A05 328 464 339 485 
mdtBMS6A04 328 157 339 178 
mdtBMS6A03 331 200 339 220 
mdtBMS6A02 331 245 339 265 
mdtBMS6A01 328 290 339 310 
mdtBMS6C08 209 332 220 352 
mdtBMS6C05 209 464 217 485 
mdtBMS6C04 209 157 217 178 
mdtBMS6C03 209 202 217 220 
mdtBMS6C02 209 245 217 265 
mdtBMS6C01 209 290 217 307 
mdtBMS5A08 325 332 332 352 
mdtBMS5A05 325 464 332 485 
mdtBMS5A04 325 157 332 178 
mdtBMS5A03 325 200 332 220 
mdtBMS5A02 325 245 332 265 
mdtBMS5A01 325 290 332 310 
mdtBMS5C08 216 332 223 352 
mdtBMS5C05 216 464 223 485 
mdtBMS5C04 216 157 223 178 
mdtBMS5C03 216 202 223 220 
mdtBMS5C02 216 245 223 265 
mdtBMS5C01 216 290 223 310 
mdtBMS4A08 313 332 323 352 
mdtBMS4A05 313 464 323 485 
mdtBMS4A04 313 157 323 178 
mdtBMS4A03 313 202 323 220 
mdtBMS4A02 313 245 323 265 
mdtBMS4A01 313 290 323 310 
mdtBMS4C08 225 332 235 352 
mdtBMS4C05 225 464 235 485 
mdtBMS4C04 225 157 235 178 
mdtBMS4C03 225 200 235 220 
mdtBMS4C02 225 245 235 265 
mdtBMS4C01 225 290 235 310 
mdtBMS4A08 313 332 323 352 
mdtBMS4A05 313 464 323 485 
mdtBMS4A04 313 157 323 178 
mdtBMS4A03 313 202 323 220 
mdtBMS4A02 313 245 323 265 
mdtBMS4A01 313 290 323 310 
mdtBMS4C08 225 332 235 352 
mdtBMS4C05 225 464 235 485 
mdtBMS4C04 225 157 235 178 
mdtBMS4C03 225 200 235 220 
mdtBMS4C02 225 245 235 265 
mdtBMS4C01 225 290 235 310 
mdtBMS3A08 303 332 314 352 
mdtBMS3A05 303 464 314 485 
mdtBMS3A04 303 157 314 178 
mdtBMS3A03 303 202 314 220 
mdtBMS3A02 303 245 314 265 
mdtBMS3A01 303 290 314 310 
mdtBMS3C08 234 332 245 352 
mdtBMS3C05 234 464 245 485 
mdtBMS3C04 234 157 245 178 
mdtBMS3C03 234 200 245 220 
mdtBMS3C02 234 245 245 265 
mdtBMS3C01 234 290 245 310 
mdtBMS2A08 288 332 301 352 
mdtBMS2A05 288 464 301 485 
mdtBMS2A04 288 157 301 178 
mdtBMS2A03 288 200 301 220 
mdtBMS2A02 288 245 301 265 
mdtBMS2A01 288 290 301 310 
mdtBMS2C08 247 332 260 352 
mdtBMS2C05 247 464 260 485 
mdtBMS2C04 247 157 260 178 
mdtBMS2C03 247 202 260 220 
mdtBMS2C02 247 245 260 265 
mdtBMS2C01 247 290 260 310 
mdtBMS1A08 275 332 289 352 
mdtBMS1A05 275 464 289 485 
mdtBMS1A04 275 157 289 178 
mdtBMS1A03 275 200 289 220 
mdtBMS1A02 275 245 289 265 
mdtBMS1A01 275 290 289 310 
mdtBMS1C08 259 332 273 352 
mdtBMS1C05 259 464 273 485 
mdtBMS1C04 259 157 273 178 
mdtBMS1C03 259 200 273 220 
mdtBMS1C02 259 245 273 265 
mdtBMS1C01 259 290 273 310 
mdtBML6A08 334 351 348 379 
mdtBML6A06 334 441 348 466 
mdtBML6A05 334 155 348 162 
mdtBML6A05 334 480 348 487 
mdtBML6A04 334 176 348 201 
mdtBML6A03 334 221 348 246 
mdtBML6A02 334 263 348 291 
mdtBML6A01 334 308 348 334 
mdtBML6C08 200 351 214 379 
mdtBML6C06 200 441 214 466 
mdtBML6C05 200 155 214 162 
mdtBML6C05 200 480 214 487 
mdtBML6C04 200 176 214 201 
mdtBML6C03 200 221 214 246 
mdtBML6C02 200 263 214 291 
mdtBML6C01 200 308 214 334 
mdtBML5A07 334 396 348 421 
mdtBML5C07 200 396 214 421 
mdtBML5A08 325 351 339 379 
mdtBML5A06 325 441 339 466 
mdtBML5A05 325 155 339 162
mdtBML5A05 325 480 339 487 
mdtBML5A04 325 176 339 201 
mdtBML5A03 325 221 339 246 
mdtBML5A02 325 263 339 291 
mdtBML5A01 325 308 339 334 
mdtBML5C08 209 351 223 379 
mdtBML5C06 209 441 223 466 
mdtBML5C05 209 155 223 162 
mdtBML5C05 209 480 223 487 
mdtBML5C04 209 176 223 201 
mdtBML5C03 209 221 223 246 
mdtBML5C02 209 263 223 291 
mdtBML5C01 209 308 223 334 
mdtBML4A08 316 351 329 379 
mdtBML4A07 325 396 339 421 
mdtBML4A06 316 441 329 466 
mdtBML4A05 316 155 329 162 
mdtBML4A05 316 480 329 487 
mdtBML4A04 319 176 329 201 
mdtBML4A03 316 221 329 246 
mdtBML4A02 316 263 329 291 
mdtBML4A01 319 308 329 334 
mdtBML4C08 219 351 232 379 
mdtBML4C07 209 396 223 421 
mdtBML4C06 219 441 232 466 
mdtBML4C05 219 155 232 162 
mdtBML4C05 219 480 232 487 
mdtBML4C04 219 176 232 201 
mdtBML4C03 219 221 232 246 
mdtBML4C02 219 263 232 291 
mdtBML4C01 219 308 232 334 
mdtBML3A08 303 351 320 379 
mdtBML3A07 303 396 320 421 
mdtBML3A06 303 441 320 466 
mdtBML3A05 303 155 320 162 
mdtBML3A05 303 480 320 487 
mdtBML3A04 303 176 320 201 
mdtBML3A03 303 221 320 246 
mdtBML3A02 303 263 320 291 
mdtBML3A01 303 308 320 334 
mdtBML2A08 291 351 307 379 
mdtBML2A07 291 396 307 421 
mdtBML2A06 291 441 307 466 
mdtBML2A05 291 155 307 162 
mdtBML2A05 291 480 307 487 
mdtBML2A04 291 176 307 201 
mdtBML2A03 291 221 307 246 
mdtBML2A02 291 263 307 291 
mdtBML2A01 291 308 307 334 
mdtBML2C08 241 351 257 379 
mdtBML2C07 241 396 257 421 
mdtBML2C06 241 441 257 466 
mdtBML2C05 241 155 257 162 
mdtBML2C05 241 480 257 487 
mdtBML2C04 241 176 257 201 
mdtBML2C03 241 218 257 246 
mdtBML2C02 241 263 257 291 
mdtBML2C01 241 308 257 334 
mdtBML3C08 228 351 245 379 
mdtBML3C07 228 396 245 421 
mdtBML3C06 228 441 245 466 
mdtBML3C05 228 155 245 162 
mdtBML3C05 228 480 245 487 
mdtBML3C04 228 176 245 201 
mdtBML3C03 228 221 245 246 
mdtBML3C02 228 263 245 291 
mdtBML3C01 228 308 245 334 
mdtBML1C04 256 176 267 201 
mdtBML1A05 281 155 292 162 
mdtBML1A05 281 480 292 487 
mdtBML1A04 281 176 292 201 
mdtBML1A08 278 353 292 379 
mdtBML1A06 278 441 292 466 
mdtBML1C08 256 351 270 379 
mdtBML1C06 256 441 270 466 
mdtBML1C03 256 221 270 246 
mdtBML1A07 278 396 292 421 
mdtBML1A03 278 221 292 246 
mdtBML1A02 275 263 292 291 
mdtBML1A01 275 308 292 334 
mdtBML1C07 256 396 273 421 
mdtBML1C05 256 155 270 162 
mdtBML1C05 256 480 270 487 
mdtBML1C02 256 263 270 291 
mdtBML1C01 256 308 267 334 
mdtBEE2A08 378 337 389 347 
mdtBEE2A07 378 382 389 392 
mdtBEE2A06 378 425 389 437 
mdtBEE2A05 378 470 389 479 
mdtBEE2A04 378 163 389 172 
mdtBEE2A03 378 205 389 217 
mdtBEE2A02 378 250 389 260 
mdtBEE2A01 378 295 389 305 
mdtBEE2C08 159 337 170 347 
mdtBEE2C07 159 382 170 392 
mdtBEE2C06 159 427 170 437 
mdtBEE2C05 159 470 170 479 
mdtBEE2C04 159 163 170 172 
mdtBEE2C03 159 205 170 215 
mdtBEE2C02 159 250 170 260 
mdtBEE2C01 159 295 170 305 
mdtBEE1A08 369 337 379 347 
mdtBEE1A07 369 382 379 392 
mdtBEE1A06 369 425 379 437 
mdtBEE1A05 369 470 379 479 
mdtBEE1A04 369 163 379 172 
mdtBEE1A03 369 205 379 217 
mdtBEE1A02 369 250 379 260 
mdtBEE1A01 369 295 379 305 
mdtBEE1C08 169 337 179 347 
mdtBEE1C07 169 382 179 392 
mdtBEE1C06 169 427 179 437 
mdtBEE1C05 169 470 179 479 
mdtBEE1C04 169 163 179 172 
mdtBEE1C03 169 205 179 215 
mdtBEE1C02 169 250 179 260 
mdtBEE1C01 169 295 179 305 
mdtBIS8A08 353 340 357 347 
mdtBIS8A07 353 385 357 392 
mdtBIS8A06 353 427 357 437 
mdtBIS8A05 353 472 357 479 
mdtBIS8A04 353 165 357 172 
mdtBIS8A03 353 208 357 217 
mdtBIS8A02 353 253 357 260 
mdtBIS8A01 353 295 357 305 
mdtBIS8C08 191 340 195 347 
mdtBIS8C07 191 385 195 392 
mdtBIS8C06 191 427 195 437 
mdtBIS8C05 191 472 195 479 
mdtBIS8C04 191 163 195 172 
mdtBIS8C03 191 208 195 215 
mdtBIS8C02 191 253 195 260 
mdtBIS8C01 191 295 195 305 
mdtBIS7A03 344 202 354 220 
mdtBIS7A02 341 245 354 265 
mdtBIS7A01 344 290 354 307 
mdtBIS7C03 194 202 207 220 
mdtBIS7C02 194 245 207 265 
mdtBIS7C01 194 290 204 307 
mdtBIS7A08 344 335 354 352 
mdtBIS7A07 344 377 354 397 
mdtBIS7A06 344 422 354 440 
mdtBIS7A05 344 464 354 485 
mdtBIS7A04 344 157 354 178 
mdtBIS7C08 194 335 204 352 
mdtBIS7C07 194 377 204 397 
mdtBIS7C06 194 422 204 440 
mdtBIS7C05 194 464 204 485 
mdtBIS7C04 194 157 204 178 
mdtBIS6A08 334 335 348 352 
mdtBIS6A07 334 377 348 397 
mdtBIS6A06 334 422 348 440 
mdtBIS6A05 334 464 348 485 
mdtBIS6A04 334 157 348 178 
mdtBIS6A03 334 202 345 220 
mdtBIS6A02 334 245 345 265 
mdtBIS6A01 334 290 345 307 
mdtBIS6C08 200 335 214 352 
mdtBIS6C07 200 377 214 397 
mdtBIS6C06 200 422 214 440 
mdtBIS6C05 200 464 214 485 
mdtBIS6C04 200 157 214 178 
mdtBIS6C03 203 202 214 220 
mdtBIS6C02 203 245 214 265 
mdtBIS6C01 203 290 214 307 
mdtBIS5A08 325 335 339 352 
mdtBIS5A07 325 377 339 397 
mdtBIS5A06 325 422 339 440 
mdtBIS5A05 325 464 339 485 
mdtBIS5A04 325 157 339 178 
mdtBIS5A03 325 202 335 220 
mdtBIS5A02 325 245 335 265 
mdtBIS5A01 325 290 335 307 
mdtBIS5C08 209 335 223 352 
mdtBIS5C07 209 377 223 397 
mdtBIS5C06 209 422 223 440 
mdtBIS5C05 209 464 223 485 
mdtBIS5C04 209 157 223 178 
mdtBIS5C03 213 202 223 220 
mdtBIS5C02 213 245 223 265 
mdtBIS5C01 213 290 223 307 
mdtBIS4A08 316 335 329 352 
mdtBIS4A07 316 377 329 397 
mdtBIS4A06 316 422 329 440 
mdtBIS4A05 316 464 329 485 
mdtBIS4A04 316 157 329 178 
mdtBIS4A03 313 202 326 220 
mdtBIS4A02 313 245 326 265 
mdtBIS4A01 313 290 326 307 
mdtBIS4C08 219 335 232 352 
mdtBIS4C07 219 377 232 397 
mdtBIS4C06 219 422 232 440 
mdtBIS4C05 219 464 232 485 
mdtBIS4C04 219 157 232 178 
mdtBIS4C03 222 202 235 220 
mdtBIS4C02 222 245 235 265 
mdtBIS4C01 222 290 235 307 
mdtBIS3A08 300 335 317 352 
mdtBIS3A07 303 377 317 397 
mdtBIS3A06 303 422 317 440 
mdtBIS3A05 300 464 317 485 
mdtBIS3A04 303 157 317 178 
mdtBIS3A03 303 202 317 220 
mdtBIS3A02 303 245 317 265 
mdtBIS3A01 303 290 317 307 
mdtBIS3C08 231 335 245 352 
mdtBIS3C07 231 377 245 397 
mdtBIS3C06 231 422 245 440 
mdtBIS3C05 231 464 248 485 
mdtBIS3C04 231 157 248 178 
mdtBIS3C03 231 202 248 220 
mdtBIS3C02 231 245 245 265 
mdtBIS3C01 231 290 245 307 
mdtBIS2A08 291 335 304 352 
mdtBIS2A07 291 377 304 397 
mdtBIS2A06 291 422 304 440 
mdtBIS2A05 291 464 304 485 
mdtBIS2A04 291 157 304 178 
mdtBIS2A03 291 202 304 220 
mdtBIS2A02 291 245 304 265 
mdtBIS2A01 291 290 304 307 
mdtBIS2C08 244 335 257 352 
mdtBIS2C07 244 377 257 397 
mdtBIS2C06 244 422 257 440 
mdtBIS2C05 244 464 257 485 
mdtBIS2C04 244 157 257 178 
mdtBIS2C03 244 202 257 220 
mdtBIS2C02 244 245 257 265 
mdtBIS2C01 244 290 257 307 
mdtBIS1A08 275 335 292 352 
mdtBIS1A07 275 377 292 397 
mdtBIS1A06 275 422 292 440 
mdtBIS1A05 275 464 292 485 
mdtBIS1A04 275 157 292 178 
mdtBIS1A03 275 202 292 220 
mdtBIS1A02 275 245 292 265 
mdtBIS1A01 275 290 292 307 
mdtBIS1C08 256 335 273 352 
mdtBIS1C07 256 377 273 397 
mdtBIS1C06 256 422 273 440 
mdtBIS1C05 256 464 273 485 
mdtBIS1C04 256 157 273 178 
mdtBIS1C03 256 202 273 220 
mdtBIS1C02 256 245 273 265 
mdtBIS1C01 256 290 273 307 
mdtBIR6A08 331 364 342 373 
mdtBIR6A06 331 443 342 453 
mdtBIR6C08 206 364 217 373 
mdtBIR6C06 206 443 217 453 
mdtBIR5A08 325 364 335 376 
mdtBIR5A06 325 441 332 453 
mdtBIR5C08 213 364 223 379 
mdtBIR5C06 213 441 223 453 
mdtBIR5A08 325 364 335 376 
mdtBIR5A06 325 441 332 453 
mdtBIR5C08 213 364 223 379 
mdtBIR5C06 213 441 223 453 
mdtBIR4A08 313 364 323 379 
mdtBIR4A06 313 441 323 453 
mdtBIR4C08 225 364 235 379 
mdtBIR4C06 225 441 235 453 
mdtBIR4A08 313 364 323 379 
mdtBIR4A06 313 441 323 453 
mdtBIR4C08 225 364 235 379 
mdtBIR4C06 225 441 235 453 
mdtBIR3A08 303 364 317 373 
mdtBIR3A06 303 443 317 453 
mdtBIR3C08 231 366 245 373 
mdtBIR3C06 231 443 245 453 
mdtBIR2A08 294 364 304 379 
mdtBIR2A06 294 441 304 453 
mdtBIR2C08 244 364 254 379 
mdtBIR2C06 244 441 254 453 
mdtBIR2A08 294 364 304 379 
mdtBIR2A06 294 441 304 453 
mdtBIR2C08 244 364 254 379 
mdtBIR2C06 244 441 254 453 
mdtBIR1A08 278 353 292 379 
mdtBIR1A06 278 441 292 463 
mdtBIR1C08 256 353 270 379 
mdtBIR1C06 256 441 270 463 
mdtBIR1A08 278 353 292 379 
mdtBIR1A06 278 441 292 463 
mdtBIR1C08 256 353 270 379 
mdtBIR1C06 256 441 270 463 
mdtBIM5A08 331 351 345 365 
mdtBIM5A06 331 451 345 466 
mdtBIM5C08 203 351 217 365 
mdtBIM5C06 203 451 217 466 
mdtBIM4A08 322 351 335 365 
mdtBIM4A06 322 451 335 466 
mdtBIM4C08 213 351 226 365 
mdtBIM4C06 213 451 226 466 
mdtBIM3A08 309 351 326 365 
mdtBIM3A06 309 451 326 466 
mdtBIM3C08 222 351 239 365 
mdtBIM3C06 222 451 239 466 
mdtBIM2A08 300 353 314 365 
mdtBIM2A06 300 451 314 466 
mdtBIM2C08 234 351 248 365 
mdtBIM2C06 234 451 248 466 
mdtBIM1A08 288 351 301 365 
mdtBIM1A06 288 451 301 466 
mdtBIM1C08 247 351 260 365 
mdtBIM1C06 247 451 260 466 
mdtBIL6A07 334 396 348 424 
mdtBIL6A04 334 173 348 204 
mdtBIL6C07 200 396 214 424 
mdtBIL6C04 200 176 214 204 
mdtBIL6A05 334 155 348 162 
mdtBIL6A05 334 480 348 487 
mdtBIL6A03 334 218 348 246 
mdtBIL6A02 334 263 348 291 
mdtBIL6A01 334 306 348 336 
mdtBIL6C05 200 155 214 162 
mdtBIL6C05 200 480 214 487 
mdtBIL6C03 197 218 214 246 
mdtBIL6C02 200 263 214 291 
mdtBIL6C01 200 306 214 336 
mdtBIL5A07 325 396 339 424 
mdtBIL5A05 325 155 339 162 
mdtBIL5A05 325 480 339 487 
mdtBIL5A04 325 173 339 204 
mdtBIL5A03 325 218 339 246 
mdtBIL5A02 325 263 339 291 
mdtBIL5A01 325 306 339 336 
mdtBIL5C07 209 396 223 424 
mdtBIL5C05 209 155 223 162 
mdtBIL5C05 209 480 223 487 
mdtBIL5C04 209 173 223 204 
mdtBIL5C03 209 218 223 246 
mdtBIL5C02 209 263 223 291 
mdtBIL5C01 209 306 223 336 
mdtBIL4A07 316 396 329 424 
mdtBIL4C07 219 396 232 424 
mdtBIL4A05 316 155 329 162 
mdtBIL4A05 316 480 329 487 
mdtBIL4A04 316 173 332 204 
mdtBIL4A03 316 218 332 246 
mdtBIL4A02 316 263 332 291 
mdtBIL4A01 316 306 332 336 
mdtBIL4C05 219 155 232 162 
mdtBIL4C05 219 480 232 487 
mdtBIL4C04 216 176 232 204 
mdtBIL4C03 216 218 232 246 
mdtBIL4C02 216 263 232 291 
mdtBIL4C01 216 306 232 336 
mdtBIL3A03 303 218 320 246 
mdtBIL3C03 228 218 245 246 
mdtBIL3A07 303 396 317 424 
mdtBIL3A05 303 155 317 162 
mdtBIL3A05 303 480 317 487 
mdtBIL3A04 303 176 317 204 
mdtBIL3A02 303 263 317 291 
mdtBIL3A01 303 306 317 334 
mdtBIL3C07 231 396 245 424 
mdtBIL3C05 231 155 245 162 
mdtBIL3C05 231 480 245 487 
mdtBIL3C04 231 173 245 204 
mdtBIL3C02 231 263 245 291 
mdtBIL3C01 231 306 245 336 
mdtBIL2A07 291 396 307 424 
mdtBIL2A05 291 155 304 162 
mdtBIL2A05 291 480 304 487 
mdtBIL2A04 291 176 307 204 
mdtBIL2A03 291 218 307 246 
mdtBIL2A02 291 263 307 291 
mdtBIL2A01 291 306 307 336 
mdtBIL2C07 241 396 257 424 
mdtBIL2C05 244 155 257 162 
mdtBIL2C05 244 480 257 487 
mdtBIL2C04 241 173 257 204 
mdtBIL2C03 241 218 257 246 
mdtBIL2C02 241 263 257 291 
mdtBIL2C01 241 306 257 336 
mdtBIL1C07 256 396 273 424 
mdtBIL1C04 256 173 267 204 
mdtBIL1C05 256 155 267 162 
mdtBIL1C05 256 480 267 487 
mdtBIL1C03 256 218 270 246 
mdtBIL1C02 256 263 270 291 
mdtBIL1C01 256 306 270 336 
mdtBIL1A04 281 173 292 204 
mdtBIL1A07 278 396 292 424 
mdtBIL1A05 281 155 292 162 
mdtBIL1A05 281 480 292 487 
mdtBIL1A03 278 218 292 246 
mdtBIL1A02 278 263 292 291 
mdtBIL1A01 278 306 292 336 
