rpcBOL8A07 306 401 314 416 
rpcBOL8C07 234 401 242 416 
rpcBOG4A07 338 377 342 397 
rpcBOG4A06 338 422 342 440 
rpcBOG4C07 206 377 210 397 
rpcBOG4C06 206 422 210 440 
rpcBOG3A07 325 377 329 397 
rpcBOG3A06 325 422 329 440 
rpcBOG3C07 219 377 223 395 
rpcBOG3C06 219 422 223 440 
rpcBOG2A07 313 377 317 397 
rpcBOG2A06 313 422 317 440 
rpcBOG2C07 231 377 235 395 
rpcBOG2C06 231 422 235 440 
rpcBOG1A07 294 377 298 397 
rpcBOG1A06 294 422 298 440 
rpcBOG1C07 250 377 254 395 
rpcBOG1C06 250 422 254 440 
rpcBOG0A07 272 377 276 397 
rpcBOG0A06 272 422 276 440 
rpcBOF4A07 331 377 339 395 
rpcBOF4A06 331 422 339 440 
rpcBOF4C07 209 377 217 397 
rpcBOF4C06 209 422 217 440 
rpcBOF3A07 316 377 326 397 
rpcBOF3A06 316 422 326 440 
rpcBOF3C07 222 377 232 397 
rpcBOF3C06 222 422 232 440 
rpcBOF2A07 300 377 310 397 
rpcBOF2A06 300 422 310 440 
rpcBOF2C07 238 377 248 397 
rpcBOF2C06 238 422 248 440 
rpcBOF1A07 278 377 292 397 
rpcBOF1A06 278 422 292 440 
rpcBOF1C07 256 377 270 397 
rpcBOF1C06 256 422 270 440 
rpcBOS6A08 334 335 345 352 
rpcBOS6A05 334 464 345 485 
rpcBOS6A04 334 157 345 175 
rpcBOS6A03 334 202 345 220 
rpcBOS6A02 334 245 345 265 
rpcBOS6A01 334 290 345 307 
rpcBOS6C08 203 335 214 352 
rpcBOS6C05 203 464 214 485 
rpcBOS6C04 203 157 214 175 
rpcBOS6C03 203 202 214 220 
rpcBOS6C02 203 245 214 265 
rpcBOS6C01 203 290 214 307 
rpcBOS5A08 325 335 335 352 
rpcBOS5A05 325 464 335 485 
rpcBOS5A04 325 157 335 178 
rpcBOS5A03 325 202 335 220 
rpcBOS5A02 325 245 335 265 
rpcBOS5A01 325 290 335 307 
rpcBOS5C08 213 335 223 352 
rpcBOS5C05 213 464 223 485 
rpcBOS5C04 213 157 223 178 
rpcBOS5C03 213 202 223 220 
rpcBOS5C02 213 245 223 265 
rpcBOS5C01 213 290 223 307 
rpcBOS4A08 313 335 326 352 
rpcBOS4A05 313 464 326 485 
rpcBOS4A04 313 157 326 175 
rpcBOS4A03 313 202 326 220 
rpcBOS4A02 313 245 326 265 
rpcBOS4A01 313 290 326 307 
rpcBOS4C08 222 335 235 352 
rpcBOS4C05 222 464 235 485 
rpcBOS4C04 222 157 235 178 
rpcBOS4C03 222 202 235 220 
rpcBOS4C02 222 245 235 265 
rpcBOS4C01 222 290 235 307 
rpcBOS3A08 300 335 314 352 
rpcBOS3A05 300 464 314 485 
rpcBOS3A04 300 157 314 178 
rpcBOS3A03 300 202 314 220 
rpcBOS3A02 300 245 314 265 
rpcBOS3A01 300 290 314 307 
rpcBOS3C08 234 335 248 352 
rpcBOS3C05 234 464 248 485 
rpcBOS3C04 234 157 248 178 
rpcBOS3C03 234 202 248 220 
rpcBOS3C02 234 245 248 265 
rpcBOS3C01 234 290 248 307 
rpcBOS2A08 288 335 301 352 
rpcBOS2A05 288 464 301 485 
rpcBOS2A04 288 157 301 178 
rpcBOS2A03 288 202 301 220 
rpcBOS2A02 288 245 301 265 
rpcBOS2A01 288 290 301 307 
rpcBOS2C08 247 335 260 352 
rpcBOS2C05 247 467 260 485 
rpcBOS2C04 247 157 260 178 
rpcBOS2C03 247 202 260 220 
rpcBOS2C02 247 245 260 265 
rpcBOS2C01 247 290 260 307 
rpcBOS1A08 275 335 289 352 
rpcBOS1A05 275 464 289 485 
rpcBOS1A04 278 157 289 178 
rpcBOS1A03 275 202 289 220 
rpcBOS1A02 275 245 289 265 
rpcBOS1A01 275 290 289 307 
rpcBOS1C08 259 335 273 352 
rpcBOS1C05 259 464 273 485 
rpcBOS1C04 259 157 270 175 
rpcBOS1C03 259 202 273 220 
rpcBOS1C02 259 245 273 265 
rpcBOS1C01 259 290 273 307 
rpcBOL6A08 334 353 345 379 
rpcBOL6A07 334 396 345 421 
rpcBOL6A06 334 441 345 466 
rpcBOL6A05 334 155 345 162 
rpcBOL6A05 334 480 345 487 
rpcBOL6A04 334 176 345 201 
rpcBOL6A03 334 221 345 246 
rpcBOL6A02 334 263 345 289 
rpcBOL6A01 334 308 345 334 
rpcBOL6C08 203 353 214 379 
rpcBOL6C07 203 396 214 421 
rpcBOL6C06 203 441 214 466 
rpcBOL6C05 203 155 214 162 
rpcBOL6C05 203 480 214 487 
rpcBOL6C04 203 176 214 201 
rpcBOL6C03 203 221 214 246 
rpcBOL6C02 203 266 214 289 
rpcBOL6C01 203 308 214 334 
rpcBOL5A08 325 353 335 379 
rpcBOL5A07 325 396 335 421 
rpcBOL5A06 325 441 335 466 
rpcBOL5A05 325 155 335 162 
rpcBOL5A05 325 480 335 487 
rpcBOL5A04 325 176 335 201 
rpcBOL5A03 325 221 335 246 
rpcBOL5A02 325 263 335 289 
rpcBOL5A01 325 308 335 334 
rpcBOL5C08 213 353 223 379 
rpcBOL5C07 213 396 223 421 
rpcBOL5C06 213 441 223 466 
rpcBOL5C05 213 155 223 162 
rpcBOL5C05 213 480 223 487 
rpcBOL5C04 213 176 223 201 
rpcBOL5C03 213 221 223 246 
rpcBOL5C02 213 263 223 289 
rpcBOL5C01 213 308 223 334 
rpcBOL4A08 313 353 326 379 
rpcBOL4A07 313 396 326 421 
rpcBOL4A06 313 441 326 466 
rpcBOL4A05 313 155 326 162 
rpcBOL4A05 313 480 326 487 
rpcBOL4A04 313 176 326 201 
rpcBOL4A03 313 221 326 246 
rpcBOL4A02 313 263 326 289 
rpcBOL4A01 313 308 326 334 
rpcBOL4C08 222 353 235 379 
rpcBOL4C07 222 396 235 421 
rpcBOL4C06 222 441 235 466 
rpcBOL4C05 222 155 235 162 
rpcBOL4C05 222 480 235 487 
rpcBOL4C04 222 176 235 201 
rpcBOL4C03 222 221 235 246 
rpcBOL4C02 222 263 235 289 
rpcBOL4C01 222 308 235 334 
rpcBOL3A08 303 353 314 379 
rpcBOL3A07 297 396 307 421 
rpcBOL3A06 303 441 314 466 
rpcBOL3A05 303 155 314 162 
rpcBOL3A05 303 480 314 487 
rpcBOL3A04 303 176 314 201 
rpcBOL3A03 303 221 314 246 
rpcBOL3A02 303 263 314 289 
rpcBOL3A01 303 308 314 334 
rpcBOL3C08 234 353 245 379 
rpcBOL3C07 241 396 251 421 
rpcBOL3C06 234 441 245 466 
rpcBOL3C05 234 155 245 162 
rpcBOL3C05 234 480 245 487 
rpcBOL3C04 234 176 245 201 
rpcBOL3C03 234 221 245 246 
rpcBOL3C02 234 263 245 289 
rpcBOL3C01 234 308 245 334 
rpcBOL2A08 288 353 304 379 
rpcBOL2A07 288 396 298 421 
rpcBOL2A06 288 441 304 466 
rpcBOL2A05 288 155 304 162 
rpcBOL2A05 288 480 304 487 
rpcBOL2A04 288 176 304 201 
rpcBOL2A03 288 221 304 246 
rpcBOL2A02 288 263 304 289 
rpcBOL2A01 288 308 304 334 
rpcBOL2C08 244 353 260 379 
rpcBOL2C07 250 396 260 421 
rpcBOL2C06 244 441 260 466 
rpcBOL2C05 244 155 257 162 
rpcBOL2C05 244 480 257 487 
rpcBOL2C04 244 176 257 201 
rpcBOL2C03 244 221 254 246 
rpcBOL2C02 244 263 260 289 
rpcBOL2C01 244 308 260 334 
rpcBOL1C08 259 353 270 379 
rpcBOL1C07 259 396 273 421 
rpcBOL1C06 259 441 270 466 
rpcBOL1C05 259 155 270 162 
rpcBOL1C05 259 480 270 487 
rpcBOL1C04 259 176 270 201 
rpcBOL1C03 253 221 264 246 
rpcBOL1C02 259 263 270 289 
rpcBOL1C01 259 308 270 334 
rpcBOL1A08 278 353 289 379 
rpcBOL1A07 278 396 289 421 
rpcBOL1A06 278 441 289 466 
rpcBOL1A05 278 155 289 162 
rpcBOL1A05 278 480 289 487 
rpcBOL1A04 278 176 289 201 
rpcBOL1A03 275 221 289 246 
rpcBOL1A02 275 263 289 289 
rpcBOL1A01 275 308 289 334 
