tgcT4E1A21 341 327 351 334 
tgcT4E1A20 341 351 351 358 
tgcT4E1A19 341 361 351 368 
tgcT4E1A18 341 396 357 403 
tgcT4E1A17 341 404 357 413 
tgcT4E1A16 341 414 357 424 
tgcT4E1A15 341 451 351 458 
tgcT4E1A14 341 459 351 466 
tgcT4E1A13 341 483 351 487 
tgcT4E1A11 341 155 351 159 
tgcT4E1A10 341 176 357 186 
tgcT4E1A09 341 187 357 194 
tgcT4E1A08 341 221 357 228 
tgcT4E1A07 341 229 357 236 
tgcT4E1A06 341 239 357 246 
tgcT4E1A05 341 263 357 273 
tgcT4E1A04 341 274 357 281 
tgcT4E1A03 341 282 357 291 
tgcT4E1A02 341 308 351 315 
tgcT4E1A01 341 316 357 326 
tgcT4E1C21 197 327 207 334 
tgcT4E1C20 197 351 207 358 
tgcT4E1C19 197 361 207 368 
tgcT4E1C18 191 396 207 403 
tgcT4E1C17 191 406 207 413 
tgcT4E1C16 191 414 207 424 
tgcT4E1C15 197 451 207 458 
tgcT4E1C14 200 459 207 466 
tgcT4E1C13 197 483 207 487 
tgcT4E1C11 197 155 207 159 
tgcT4E1C10 191 176 207 186 
tgcT4E1C09 191 187 207 194 
tgcT4E1C08 191 218 207 228 
tgcT4E1C07 191 229 207 238 
tgcT4E1C06 191 239 207 246 
tgcT4E1C05 191 263 207 273 
tgcT4E1C04 191 274 207 281 
tgcT4E1C03 191 282 207 291 
tgcT4E1C02 197 308 207 315 
tgcT4E1C01 191 316 207 326 
tgcT4F1A24 356 321 398 336 
tgcT4F1A23 356 337 401 350 
tgcT4F1A22 356 351 398 365 
tgcT4F1A21 356 366 398 379 
tgcT4F1A20 356 380 398 395 
tgcT4F1A19 356 396 401 408 
tgcT4F1A18 356 409 398 424 
tgcT4F1A17 356 425 401 437 
tgcT4F1A16 356 438 398 453 
tgcT4F1A15 356 454 401 466 
tgcT4F1A14 356 467 398 482 
tgcT4F1A13 356 483 401 487 
tgcT4F1A12 356 155 398 159 
tgcT4F1A11 356 160 401 175 
tgcT4F1A10 356 176 398 188 
tgcT4F1A09 356 189 401 204 
tgcT4F1A08 356 205 398 217 
tgcT4F1A07 356 218 401 233 
tgcT4F1A06 356 234 398 246 
tgcT4F1A05 356 247 401 262 
tgcT4F1A04 356 263 398 276 
tgcT4F1A03 356 277 401 291 
tgcT4F1A02 356 292 398 305 
tgcT4F1A01 356 306 401 321 
tgcT4F1C24 150 321 192 336 
tgcT4F1C23 147 337 192 350 
tgcT4F1C22 150 351 192 365 
tgcT4F1C21 147 366 192 379 
tgcT4F1C20 150 380 192 395 
tgcT4F1C19 147 396 192 408 
tgcT4F1C18 150 409 192 424 
tgcT4F1C17 147 425 192 437 
tgcT4F1C16 150 438 192 453 
tgcT4F1C15 150 454 192 466 
tgcT4F1C14 150 467 192 482 
tgcT4F1C13 150 483 192 487 
tgcT4F1C12 150 155 192 159 
tgcT4F1C11 147 160 192 175 
tgcT4F1C10 150 176 192 188 
tgcT4F1C09 147 189 192 204 
tgcT4F1C08 150 205 192 217 
tgcT4F1C07 147 218 192 233 
tgcT4F1C06 150 234 192 246 
tgcT4F1C05 147 247 192 262 
tgcT4F1C04 150 263 192 276 
tgcT4F1C03 147 277 192 291 
tgcT4F1C02 150 292 192 305 
tgcT4F1C01 147 306 192 321 
tgcT3E5A48 344 321 351 328 
tgcT3E5A47 344 329 351 336 
tgcT3E5A46 344 335 351 342 
tgcT3E5A45 344 343 351 350 
tgcT3E5A44 344 351 351 358 
tgcT3E5A43 344 359 351 365 
tgcT3E5A42 344 366 351 371 
tgcT3E5A41 344 372 351 379 
tgcT3E5A40 344 380 351 387 
tgcT3E5A39 344 388 351 395 
tgcT3E5A38 344 396 351 400 
tgcT3E5A37 344 401 351 408 
tgcT3E5A36 344 409 351 416 
tgcT3E5A35 344 417 351 424 
tgcT3E5A34 344 425 351 432 
tgcT3E5A33 344 430 351 437 
tgcT3E5A32 344 438 351 445 
tgcT3E5A31 344 446 351 453 
tgcT3E5A30 344 454 351 461 
tgcT3E5A29 344 462 351 466 
tgcT3E5A28 344 467 351 474 
tgcT3E5A27 344 475 351 482 
tgcT3E5A26 344 483 351 487 
tgcT3E5A23 344 155 351 159 
tgcT3E5A22 344 160 351 167 
tgcT3E5A21 344 168 351 175 
tgcT3E5A20 344 176 351 180 
tgcT3E5A19 344 181 351 188 
tgcT3E5A18 344 189 351 196 
tgcT3E5A17 344 197 351 204 
tgcT3E5A16 344 205 351 209 
tgcT3E5A15 344 210 351 217 
tgcT3E5A14 344 218 351 225 
tgcT3E5A13 344 226 351 233 
tgcT3E5A12 344 234 351 241 
tgcT3E5A11 344 242 351 246 
tgcT3E5A10 344 247 351 254 
tgcT3E5A09 344 255 351 262 
tgcT3E5A08 344 263 351 270 
tgcT3E5A07 344 271 351 276 
tgcT3E5A06 344 277 351 283 
tgcT3E5A05 344 284 351 291 
tgcT3E5A04 344 292 351 299 
tgcT3E5A03 344 300 351 305 
tgcT3E5A02 344 306 351 313 
tgcT3E5A01 344 316 351 321 
tgcT3E5C48 197 321 204 328 
tgcT3E5C47 197 329 204 336 
tgcT3E5C46 197 337 204 342 
tgcT3E5C45 197 343 204 350 
tgcT3E5C44 197 351 204 358 
tgcT3E5C43 197 359 204 365 
tgcT3E5C42 197 366 204 371 
tgcT3E5C41 197 372 204 379 
tgcT3E5C40 197 380 204 387 
tgcT3E5C39 197 388 204 395 
tgcT3E5C38 197 396 204 403 
tgcT3E5C37 197 401 204 408 
tgcT3E5C36 197 409 204 416 
tgcT3E5C35 197 417 204 424 
tgcT3E5C34 197 425 204 432 
tgcT3E5C33 197 433 204 437 
tgcT3E5C32 197 438 204 445 
tgcT3E5C31 197 446 204 453 
tgcT3E5C30 197 454 204 461 
tgcT3E5C29 197 462 204 466 
tgcT3E5C28 197 467 204 474 
tgcT3E5C27 197 475 204 482 
tgcT3E5C26 197 483 204 487 
tgcT3E5C23 197 155 204 159 
tgcT3E5C22 197 160 204 167 
tgcT3E5C21 197 168 204 175 
tgcT3E5C20 197 176 204 180 
tgcT3E5C19 197 181 204 188 
tgcT3E5C18 197 189 204 196 
tgcT3E5C17 197 197 204 204 
tgcT3E5C16 197 205 204 212 
tgcT3E5C15 197 210 204 217 
tgcT3E5C14 197 218 204 225 
tgcT3E5C13 197 226 204 233 
tgcT3E5C12 197 234 204 238 
tgcT3E5C11 197 242 204 246 
tgcT3E5C10 197 247 204 254 
tgcT3E5C09 197 255 204 262 
tgcT3E5C08 197 263 204 270 
tgcT3E5C07 197 271 204 276 
tgcT3E5C06 197 279 204 283 
tgcT3E5C05 197 284 204 291 
tgcT3E5C04 197 292 204 299 
tgcT3E5C03 197 300 204 305 
tgcT3E5C02 197 306 204 313 
tgcT3E5C01 197 314 204 321 
tgcT3E4A48 350 321 357 328 
tgcT3E4A47 350 329 357 336 
tgcT3E4A46 350 337 357 342 
tgcT3E4A45 350 343 357 350 
tgcT3E4A44 350 351 357 358 
tgcT3E4A43 350 359 357 363 
tgcT3E4A42 350 366 357 371 
tgcT3E4A41 350 372 357 379 
tgcT3E4A40 350 380 357 387 
tgcT3E4A39 350 388 357 395 
tgcT3E4A38 350 396 357 400 
tgcT3E4A37 350 401 357 408 
tgcT3E4A36 350 409 357 416 
tgcT3E4A35 350 417 357 424 
tgcT3E4A34 350 425 357 432 
tgcT3E4A33 350 433 357 437 
tgcT3E4A32 350 438 357 445 
tgcT3E4A31 350 446 357 453 
tgcT3E4A30 350 454 357 461 
tgcT3E4A29 350 462 357 466 
tgcT3E4A28 350 467 357 474 
tgcT3E4A27 350 475 357 482 
tgcT3E4A26 350 483 357 487 
tgcT3E4A23 350 155 357 159 
tgcT3E4A22 350 160 357 167 
tgcT3E4A21 350 168 357 175 
tgcT3E4A20 350 176 357 180 
tgcT3E4A19 350 181 357 188 
tgcT3E4A18 350 189 357 196 
tgcT3E4A17 350 197 357 204 
tgcT3E4A16 350 205 357 212 
tgcT3E4A15 350 210 357 217 
tgcT3E4A14 350 218 357 225 
tgcT3E4A13 350 226 357 233 
tgcT3E4A12 350 234 357 238 
tgcT3E4A11 350 239 357 246 
tgcT3E4A10 350 247 357 254 
tgcT3E4A09 350 255 357 262 
tgcT3E4A08 350 263 357 270 
tgcT3E4A07 350 271 357 276 
tgcT3E4A06 350 277 357 283 
tgcT3E4A05 350 284 357 291 
tgcT3E4A04 350 292 357 299 
tgcT3E4A03 350 300 357 305 
tgcT3E4A02 350 306 357 313 
tgcT3E4A01 350 314 357 321 
tgcT3E4C48 191 321 198 328 
tgcT3E4C47 191 329 198 336 
tgcT3E4C46 191 335 198 342 
tgcT3E4C45 191 343 198 350 
tgcT3E4C44 191 351 198 358 
tgcT3E4C43 191 359 198 365 
tgcT3E4C42 191 366 198 371 
tgcT3E4C41 191 372 198 379 
tgcT3E4C40 191 380 198 387 
tgcT3E4C39 191 388 198 395 
tgcT3E4C38 191 396 198 403 
tgcT3E4C37 191 401 198 408 
tgcT3E4C36 191 409 198 416 
tgcT3E4C35 191 417 198 424 
tgcT3E4C34 191 425 198 432 
tgcT3E4C33 191 430 198 437 
tgcT3E4C32 191 438 198 445 
tgcT3E4C31 191 446 198 453 
tgcT3E4C30 191 454 198 461 
tgcT3E4C29 191 462 198 466 
tgcT3E4C28 191 467 198 474 
tgcT3E4C27 191 475 198 482 
tgcT3E4C26 191 483 198 487 
tgcT3E4C23 191 155 198 159 
tgcT3E4C22 191 160 198 167 
tgcT3E4C21 191 168 198 175 
tgcT3E4C20 191 176 198 180 
tgcT3E4C19 191 181 198 188 
tgcT3E4C18 191 189 198 196 
tgcT3E4C17 191 197 198 204 
tgcT3E4C16 191 205 198 212 
tgcT3E4C15 191 210 198 217 
tgcT3E4C14 191 218 198 225 
tgcT3E4C13 191 226 198 233 
tgcT3E4C12 191 234 198 241 
tgcT3E4C11 191 242 198 246 
tgcT3E4C10 191 247 198 254 
tgcT3E4C09 191 255 198 262 
tgcT3E4C08 191 263 198 270 
tgcT3E4C07 191 271 198 276 
tgcT3E4C06 191 277 198 283 
tgcT3E4C05 191 284 198 291 
tgcT3E4C04 191 292 198 299 
tgcT3E4C03 191 300 198 307 
tgcT3E4C02 191 306 198 313 
tgcT3E4C01 191 314 198 321 
tgcT3E3A48 356 321 364 328 
tgcT3E3A47 356 329 367 336 
tgcT3E3A46 356 335 364 342 
tgcT3E3A45 356 343 367 350 
tgcT3E3A44 356 351 364 358 
tgcT3E3A43 356 359 367 363 
tgcT3E3A42 356 366 364 371 
tgcT3E3A41 356 372 367 379 
tgcT3E3A40 356 380 364 387 
tgcT3E3A39 356 388 367 395 
tgcT3E3A38 356 396 364 403 
tgcT3E3A37 356 401 367 408 
tgcT3E3A36 356 409 364 416 
tgcT3E3A35 356 417 367 424 
tgcT3E3A34 356 425 364 432 
tgcT3E3A33 356 433 367 437 
tgcT3E3A32 356 438 364 445 
tgcT3E3A31 356 446 367 453 
tgcT3E3A30 356 454 364 461 
tgcT3E3A29 356 462 367 466 
tgcT3E3A28 356 467 364 474 
tgcT3E3A27 356 475 367 482 
tgcT3E3A26 356 483 364 487 
tgcT3E3A23 356 155 367 159 
tgcT3E3A22 356 160 364 167 
tgcT3E3A21 356 168 367 175 
tgcT3E3A20 356 176 364 180 
tgcT3E3A19 356 181 367 188 
tgcT3E3A18 356 189 364 196 
tgcT3E3A17 356 197 367 204 
tgcT3E3A16 356 205 364 212 
tgcT3E3A15 356 210 367 217 
tgcT3E3A14 356 218 364 225 
tgcT3E3A13 356 226 367 233 
tgcT3E3A12 356 234 364 238 
tgcT3E3A11 356 239 367 246 
tgcT3E3A10 356 247 364 254 
tgcT3E3A09 356 255 367 262 
tgcT3E3A08 356 263 364 270 
tgcT3E3A07 356 271 367 276 
tgcT3E3A06 356 277 364 283 
tgcT3E3A05 356 284 367 291 
tgcT3E3A04 356 292 364 299 
tgcT3E3A03 356 300 367 307 
tgcT3E3A02 356 306 364 313 
tgcT3E3A01 356 314 367 321 
tgcT3E3C48 184 321 192 328 
tgcT3E3C47 181 329 192 336 
tgcT3E3C46 184 335 192 342 
tgcT3E3C45 181 343 192 350 
tgcT3E3C44 184 351 192 358 
tgcT3E3C43 181 359 192 365 
tgcT3E3C42 184 366 192 371 
tgcT3E3C41 181 372 192 379 
tgcT3E3C40 184 380 192 387 
tgcT3E3C39 181 388 192 395 
tgcT3E3C38 184 396 192 403 
tgcT3E3C37 181 401 192 408 
tgcT3E3C36 184 409 192 416 
tgcT3E3C35 181 417 192 424 
tgcT3E3C34 184 425 192 432 
tgcT3E3C33 181 430 192 437 
tgcT3E3C32 184 438 192 445 
tgcT3E3C31 181 446 192 453 
tgcT3E3C30 184 454 192 461 
tgcT3E3C29 181 462 192 466 
tgcT3E3C28 184 467 192 474 
tgcT3E3C27 181 475 192 482 
tgcT3E3C26 184 483 192 487 
tgcT3E3C23 181 155 192 159 
tgcT3E3C22 184 160 192 167 
tgcT3E3C21 181 168 192 175 
tgcT3E3C20 184 176 192 180 
tgcT3E3C19 181 181 192 188 
tgcT3E3C18 184 189 192 196 
tgcT3E3C17 181 197 192 204 
tgcT3E3C16 184 205 192 212 
tgcT3E3C15 181 210 192 217 
tgcT3E3C14 184 218 192 225 
tgcT3E3C13 181 226 192 233 
tgcT3E3C12 184 234 192 238 
tgcT3E3C11 181 239 192 246 
tgcT3E3C10 184 247 192 254 
tgcT3E3C09 181 255 192 262 
tgcT3E3C08 184 263 192 270 
tgcT3E3C07 181 271 192 276 
tgcT3E3C06 184 277 192 283 
tgcT3E3C05 181 284 192 291 
tgcT3E3C04 184 292 192 299 
tgcT3E3C03 181 300 192 305 
tgcT3E3C02 184 306 192 313 
tgcT3E3C01 181 314 192 321 
tgcT3E2A48 363 321 382 328 
tgcT3E2A47 366 329 385 336 
tgcT3E2A46 363 335 382 342 
tgcT3E2A45 366 343 385 350 
tgcT3E2A44 363 351 382 358 
tgcT3E2A43 366 359 385 365 
tgcT3E2A42 363 366 382 371 
tgcT3E2A41 366 372 385 379 
tgcT3E2A40 363 380 382 387 
tgcT3E2A39 366 388 385 395 
tgcT3E2A38 363 396 382 403 
tgcT3E2A37 366 401 385 408 
tgcT3E2A36 363 409 382 416 
tgcT3E2A35 366 417 385 424 
tgcT3E2A34 363 425 382 432 
tgcT3E2A33 366 430 385 437 
tgcT3E2A32 363 438 382 445 
tgcT3E2A31 366 446 385 453 
tgcT3E2A30 363 454 382 461 
tgcT3E2A29 366 462 385 469 
tgcT3E2A28 363 467 382 474 
tgcT3E2A27 366 475 385 482 
tgcT3E2A26 363 483 382 487
tgcT3E2A23 366 155 385 159 
tgcT3E2A22 363 160 382 167 
tgcT3E2A21 366 168 385 175 
tgcT3E2A20 363 173 382 180 
tgcT3E2A19 366 181 385 188 
tgcT3E2A18 363 189 382 196 
tgcT3E2A17 366 197 385 204 
tgcT3E2A16 366 205 382 209 
tgcT3E2A15 366 210 385 217 
tgcT3E2A14 363 218 382 225 
tgcT3E2A13 366 226 385 233 
tgcT3E2A12 363 234 382 241 
tgcT3E2A11 366 239 385 246 
tgcT3E2A10 363 247 382 254 
tgcT3E2A09 366 255 385 262 
tgcT3E2A08 363 263 382 270 
tgcT3E2A07 366 271 385 276 
tgcT3E2A06 363 277 382 283 
tgcT3E2A05 366 284 385 291 
tgcT3E2A04 363 292 382 299 
tgcT3E2A03 366 300 385 307 
tgcT3E2A02 363 306 382 313 
tgcT3E2A01 366 314 385 321 
tgcT3E2C48 166 321 185 328 
tgcT3E2C47 163 329 182 336 
tgcT3E2C46 166 335 185 342 
tgcT3E2C45 163 343 182 350 
tgcT3E2C44 166 351 185 358 
tgcT3E2C43 163 359 182 365 
tgcT3E2C42 166 366 185 371 
tgcT3E2C41 163 372 182 379 
tgcT3E2C40 166 380 185 387 
tgcT3E2C39 163 388 182 395 
tgcT3E2C38 166 396 185 403 
tgcT3E2C37 163 401 182 408 
tgcT3E2C36 166 409 185 416 
tgcT3E2C35 163 417 182 424 
tgcT3E2C34 166 425 185 432 
tgcT3E2C33 163 430 182 437 
tgcT3E2C32 166 438 185 445 
tgcT3E2C31 163 446 182 453 
tgcT3E2C30 166 454 185 461 
tgcT3E2C29 163 462 182 469 
tgcT3E2C28 166 467 185 474 
tgcT3E2C27 163 475 182 482 
tgcT3E2C26 166 483 185 487 
tgcT3E2C23 166 155 182 159 
tgcT3E2C22 166 160 185 167 
tgcT3E2C21 163 168 182 175 
tgcT3E2C20 166 173 185 180 
tgcT3E2C19 163 181 182 188 
tgcT3E2C18 166 189 185 196 
tgcT3E2C17 163 197 182 204 
tgcT3E2C16 166 205 185 212 
tgcT3E2C15 163 210 182 217 
tgcT3E2C14 166 218 185 225 
tgcT3E2C13 163 226 182 233 
tgcT3E2C12 166 234 185 241 
tgcT3E2C11 163 239 182 246 
tgcT3E2C10 166 247 185 254 
tgcT3E2C09 163 255 182 262 
tgcT3E2C08 166 263 185 270 
tgcT3E2C07 163 269 182 276 
tgcT3E2C06 166 277 182 283 
tgcT3E2C05 163 284 182 291 
tgcT3E2C04 166 292 185 299 
tgcT3E2C03 163 300 182 307 
tgcT3E2C02 166 306 185 313 
tgcT3E2C01 163 314 182 321 
tgcT3E1A48 381 321 404 328 
tgcT3E1A47 384 329 404 336 
tgcT3E1A46 381 335 404 342 
tgcT3E1A45 384 343 404 350 
tgcT3E1A44 381 351 404 358 
tgcT3E1A43 384 359 404 365 
tgcT3E1A42 381 364 404 373 
tgcT3E1A41 384 372 404 379 
tgcT3E1A40 381 380 404 387 
tgcT3E1A39 384 388 404 395 
tgcT3E1A38 381 396 404 403 
tgcT3E1A37 384 401 404 408 
tgcT3E1A36 381 409 404 416 
tgcT3E1A35 384 417 404 424 
tgcT3E1A34 381 425 404 432 
tgcT3E1A33 384 430 404 437 
tgcT3E1A32 381 438 404 445 
tgcT3E1A31 384 446 404 453 
tgcT3E1A30 381 454 404 461 
tgcT3E1A29 384 462 404 469 
tgcT3E1A28 381 467 404 474 
tgcT3E1A27 384 475 404 482 
tgcT3E1A26 381 483 404 487
tgcT3E1A23 384 155 404 159 
tgcT3E1A22 381 160 404 167 
tgcT3E1A21 384 168 404 175 
tgcT3E1A20 381 173 404 180 
tgcT3E1A19 384 181 404 188 
tgcT3E1A18 381 189 404 196 
tgcT3E1A17 384 197 404 204 
tgcT3E1A16 381 205 404 212 
tgcT3E1A15 384 210 404 217 
tgcT3E1A14 381 218 404 225 
tgcT3E1A13 384 226 404 233 
tgcT3E1A12 381 234 404 241 
tgcT3E1A11 384 239 404 246 
tgcT3E1A10 381 247 404 254 
tgcT3E1A09 384 255 404 262 
tgcT3E1A08 381 263 404 270 
tgcT3E1A07 384 269 404 278 
tgcT3E1A06 381 277 404 283 
tgcT3E1A05 384 284 404 291 
tgcT3E1A04 381 292 404 299 
tgcT3E1A03 384 300 404 307 
tgcT3E1A02 381 306 404 313 
tgcT3E1A01 384 314 404 321 
tgcT3E1C48 144 321 167 328 
tgcT3E1C47 144 329 164 336 
tgcT3E1C46 144 335 164 342 
tgcT3E1C45 144 343 164 350 
tgcT3E1C44 144 351 167 358 
tgcT3E1C43 144 359 164 365 
tgcT3E1C42 144 364 167 373 
tgcT3E1C41 144 372 164 379 
tgcT3E1C40 144 380 167 387 
tgcT3E1C39 144 388 164 395 
tgcT3E1C38 144 396 167 403 
tgcT3E1C37 144 401 164 408 
tgcT3E1C36 144 409 167 416 
tgcT3E1C35 144 417 164 424 
tgcT3E1C34 144 425 167 432 
tgcT3E1C33 144 430 164 437 
tgcT3E1C32 144 438 167 445 
tgcT3E1C31 144 446 164 453 
tgcT3E1C30 144 454 167 461 
tgcT3E1C29 144 462 164 469 
tgcT3E1C28 144 467 167 474 
tgcT3E1C27 144 475 164 482 
tgcT3E1C26 144 483 167 487
tgcT3E1C23 144 155 164 159 
tgcT3E1C22 144 160 167 167 
tgcT3E1C21 144 168 164 175 
tgcT3E1C20 144 173 167 180 
tgcT3E1C19 144 181 164 188 
tgcT3E1C18 144 189 167 196 
tgcT3E1C17 144 197 164 204 
tgcT3E1C16 144 205 167 212 
tgcT3E1C15 144 210 164 217 
tgcT3E1C14 144 218 164 225 
tgcT3E1C13 144 226 164 233 
tgcT3E1C12 144 234 167 241 
tgcT3E1C11 144 239 164 246 
tgcT3E1C10 144 247 167 254 
tgcT3E1C09 144 255 164 262 
tgcT3E1C08 144 263 167 270 
tgcT3E1C07 144 269 164 278 
tgcT3E1C06 144 277 167 283 
tgcT3E1C05 144 284 164 291 
tgcT3E1C04 144 292 167 299 
tgcT3E1C03 144 300 164 307 
tgcT3E1C02 144 306 167 313 
tgcT3E1C01 144 314 164 321
tgcT3F1A24 403 321 439 336 
tgcT3F1A23 403 337 439 350 
tgcT3F1A22 403 351 439 365 
tgcT3F1A21 403 366 439 379 
tgcT3F1A20 403 380 439 395 
tgcT3F1A19 403 396 439 408 
tgcT3F1A18 403 409 439 424 
tgcT3F1A17 403 425 439 437 
tgcT3F1A16 403 438 439 453 
tgcT3F1A15 403 454 439 466 
tgcT3F1A14 403 467 439 482 
tgcT3F1A13 403 483 439 487 
tgcT3F1A12 403 155 439 159 
tgcT3F1A11 403 160 439 175 
tgcT3F1A10 403 176 439 188 
tgcT3F1A09 403 189 439 204 
tgcT3F1A08 403 205 439 217 
tgcT3F1A07 403 218 439 233 
tgcT3F1A06 403 234 439 246 
tgcT3F1A05 403 247 439 262 
tgcT3F1A04 403 263 439 276 
tgcT3F1A03 403 277 439 291 
tgcT3F1A02 403 292 439 307 
tgcT3F1A01 403 306 439 321 
tgcT3F1C24 109 321 145 336 
tgcT3F1C23 109 335 145 350 
tgcT3F1C22 109 351 145 365 
tgcT3F1C21 109 366 145 379 
tgcT3F1C20 109 380 145 395 
tgcT3F1C19 109 396 145 408 
tgcT3F1C18 109 409 145 424 
tgcT3F1C17 113 425 145 437 
tgcT3F1C16 109 438 145 453 
tgcT3F1C15 109 454 145 466 
tgcT3F1C14 109 467 145 482 
tgcT3F1C13 109 483 145 487 
tgcT3F1C12 109 155 145 159 
tgcT3F1C11 109 160 145 175 
tgcT3F1C10 109 176 145 188 
tgcT3F1C09 109 189 145 204 
tgcT3F1C08 109 205 145 217 
tgcT3F1C07 109 218 145 233 
tgcT3F1C06 109 234 145 246 
tgcT3F1C05 109 247 145 262 
tgcT3F1C04 109 263 145 276 
tgcT3F1C03 109 277 145 291 
tgcT3F1C02 109 292 145 307 
tgcT3F1C01 109 306 145 321 
tgcT2E5A48 344 321 348 328 
tgcT2E5A47 344 329 351 336 
tgcT2E5A46 344 337 348 342 
tgcT2E5A45 344 343 351 350 
tgcT2E5A44 344 351 348 358 
tgcT2E5A43 344 359 351 365 
tgcT2E5A42 344 366 348 371 
tgcT2E5A41 344 372 351 379 
tgcT2E5A40 344 380 348 387 
tgcT2E5A39 344 388 351 395 
tgcT2E5A38 344 396 348 400 
tgcT2E5A37 344 401 351 408 
tgcT2E5A36 344 411 348 416 
tgcT2E5A35 344 417 351 424 
tgcT2E5A34 344 425 348 432 
tgcT2E5A33 344 430 351 437 
tgcT2E5A32 344 438 348 445 
tgcT2E5A31 344 446 351 453 
tgcT2E5A30 344 454 348 461 
tgcT2E5A29 344 462 348 466 
tgcT2E5A28 344 467 348 474 
tgcT2E5A27 344 475 351 482 
tgcT2E5A26 344 483 348 487 
tgcT2E5A23 344 155 351 159 
tgcT2E5A22 344 160 348 167 
tgcT2E5A21 344 168 351 175 
tgcT2E5A20 344 176 348 180 
tgcT2E5A19 344 181 351 188 
tgcT2E5A18 344 189 348 196 
tgcT2E5A17 344 197 351 204 
tgcT2E5A16 344 205 348 209 
tgcT2E5A15 344 210 351 217 
tgcT2E5A14 344 218 348 225 
tgcT2E5A13 344 226 351 233 
tgcT2E5A12 344 234 348 241 
tgcT2E5A11 344 242 351 246 
tgcT2E5A10 344 247 348 254 
tgcT2E5A09 344 255 351 262 
tgcT2E5A08 344 263 348 270 
tgcT2E5A07 344 271 351 276 
tgcT2E5A06 344 277 348 283 
tgcT2E5A05 344 284 351 291 
tgcT2E5A04 344 292 348 299 
tgcT2E5A03 344 300 351 305 
tgcT2E5A02 344 306 348 313 
tgcT2E5A01 344 316 351 321 
tgcT2E5C48 200 321 204 328 
tgcT2E5C47 197 329 204 334 
tgcT2E5C46 200 337 204 342 
tgcT2E5C45 197 343 204 350 
tgcT2E5C44 200 351 204 358 
tgcT2E5C43 197 359 204 365 
tgcT2E5C42 200 366 204 371 
tgcT2E5C41 197 372 204 379 
tgcT2E5C40 200 380 204 387 
tgcT2E5C39 197 388 204 395 
tgcT2E5C38 200 396 204 400 
tgcT2E5C37 197 401 204 408 
tgcT2E5C36 200 409 204 416 
tgcT2E5C35 197 417 204 424 
tgcT2E5C34 200 425 204 432 
tgcT2E5C33 197 433 204 437 
tgcT2E5C32 200 438 204 445 
tgcT2E5C31 200 446 204 453 
tgcT2E5C30 200 454 204 461 
tgcT2E5C29 197 462 204 466 
tgcT2E5C28 200 467 204 474 
tgcT2E5C27 197 475 204 482 
tgcT2E5C26 200 483 204 487
tgcT2E5C23 197 155 204 159 
tgcT2E5C22 200 160 204 167 
tgcT2E5C21 197 168 204 172 
tgcT2E5C20 200 176 204 180 
tgcT2E5C19 197 181 204 188 
tgcT2E5C18 200 189 204 196 
tgcT2E5C17 197 197 204 204 
tgcT2E5C16 200 205 204 212 
tgcT2E5C15 197 210 204 217 
tgcT2E5C14 200 218 204 225 
tgcT2E5C13 197 226 204 233 
tgcT2E5C12 200 234 204 238 
tgcT2E5C11 197 242 204 246 
tgcT2E5C10 200 247 204 254 
tgcT2E5C09 197 255 204 262 
tgcT2E5C08 200 263 204 270 
tgcT2E5C07 197 271 204 276 
tgcT2E5C06 200 277 204 283 
tgcT2E5C05 197 284 204 291 
tgcT2E5C04 200 292 204 299 
tgcT2E5C03 197 300 204 305 
tgcT2E5C02 200 308 204 313 
tgcT2E5C01 197 314 204 321 
tgcT2E4A48 347 321 357 328 
tgcT2E4A47 350 329 357 336 
tgcT2E4A46 347 335 354 342 
tgcT2E4A45 350 343 357 350 
tgcT2E4A44 347 351 357 358 
tgcT2E4A43 350 359 357 365 
tgcT2E4A42 347 366 357 371 
tgcT2E4A41 350 372 357 379 
tgcT2E4A40 347 380 354 387 
tgcT2E4A39 350 388 357 395 
tgcT2E4A38 347 396 357 400 
tgcT2E4A37 350 401 357 408 
tgcT2E4A36 347 409 357 416 
tgcT2E4A35 350 417 357 424 
tgcT2E4A34 347 425 354 432 
tgcT2E4A33 350 433 357 437 
tgcT2E4A32 347 438 357 445 
tgcT2E4A31 350 446 357 453 
tgcT2E4A30 347 454 357 461 
tgcT2E4A29 350 462 357 466 
tgcT2E4A28 347 467 357 474 
tgcT2E4A27 350 475 357 482 
tgcT2E4A26 347 483 357 487 
tgcT2E4A23 350 155 357 159 
tgcT2E4A22 347 160 357 167 
tgcT2E4A21 350 168 357 175 
tgcT2E4A20 347 176 354 180 
tgcT2E4A19 350 181 357 188 
tgcT2E4A18 347 189 357 196 
tgcT2E4A17 350 197 357 204 
tgcT2E4A16 347 205 357 212 
tgcT2E4A15 350 210 357 217 
tgcT2E4A14 347 218 354 225 
tgcT2E4A13 350 226 357 233 
tgcT2E4A12 347 234 357 241 
tgcT2E4A11 350 239 357 246 
tgcT2E4A10 347 247 354 254 
tgcT2E4A09 350 255 357 262 
tgcT2E4A08 347 263 354 270 
tgcT2E4A07 350 271 357 276 
tgcT2E4A06 347 277 357 283 
tgcT2E4A05 350 284 357 291 
tgcT2E4A04 347 292 357 299 
tgcT2E4A03 350 300 357 305 
tgcT2E4A02 347 306 354 313 
tgcT2E4A01 350 314 354 321 
tgcT2E4C48 191 321 201 328 
tgcT2E4C47 191 329 198 336 
tgcT2E4C46 191 335 201 342 
tgcT2E4C45 191 343 198 350 
tgcT2E4C44 191 351 201 358 
tgcT2E4C43 191 359 198 365 
tgcT2E4C42 191 366 201 371 
tgcT2E4C41 191 372 198 379 
tgcT2E4C40 191 380 201 387 
tgcT2E4C39 191 388 198 395 
tgcT2E4C38 191 396 201 403 
tgcT2E4C37 191 401 198 408 
tgcT2E4C36 191 409 201 416 
tgcT2E4C35 191 417 198 424 
tgcT2E4C34 191 425 201 432 
tgcT2E4C33 191 430 198 437 
tgcT2E4C32 191 438 201 445 
tgcT2E4C31 191 446 198 453 
tgcT2E4C30 194 454 201 461 
tgcT2E4C29 191 462 198 466 
tgcT2E4C28 191 467 201 474 
tgcT2E4C27 191 475 198 482 
tgcT2E4C26 191 483 201 487
tgcT2E4C23 191 155 198 159 
tgcT2E4C22 191 160 201 167 
tgcT2E4C21 191 168 198 175 
tgcT2E4C20 191 176 201 180 
tgcT2E4C19 191 181 198 188 
tgcT2E4C18 194 189 198 196 
tgcT2E4C17 191 197 198 204 
tgcT2E4C16 191 205 201 212 
tgcT2E4C15 191 210 198 217 
tgcT2E4C14 191 218 198 225 
tgcT2E4C13 191 226 198 233 
tgcT2E4C12 194 234 198 241 
tgcT2E4C11 191 242 198 246 
tgcT2E4C10 194 247 201 254 
tgcT2E4C09 191 255 198 262 
tgcT2E4C08 191 263 201 270 
tgcT2E4C07 191 271 198 276 
tgcT2E4C06 191 277 201 283 
tgcT2E4C05 191 284 198 291 
tgcT2E4C04 194 292 198 299 
tgcT2E4C03 191 300 198 307 
tgcT2E4C02 194 306 201 313 
tgcT2E4C01 191 314 198 321 
tgcT2E3A48 353 321 364 328 
tgcT2E3A47 356 329 364 336 
tgcT2E3A46 356 335 364 342 
tgcT2E3A45 356 343 364 350 
tgcT2E3A44 353 351 364 358 
tgcT2E3A43 356 359 364 363 
tgcT2E3A42 353 366 364 371 
tgcT2E3A41 356 372 364 379 
tgcT2E3A40 356 380 364 387 
tgcT2E3A39 356 388 364 395 
tgcT2E3A38 353 396 364 403 
tgcT2E3A37 356 401 364 408 
tgcT2E3A36 353 409 364 416 
tgcT2E3A35 356 417 364 424 
tgcT2E3A34 353 425 364 432 
tgcT2E3A33 356 433 364 437 
tgcT2E3A32 353 438 364 445 
tgcT2E3A31 356 446 364 453 
tgcT2E3A30 353 454 364 461 
tgcT2E3A29 356 462 364 466 
tgcT2E3A28 353 467 364 474 
tgcT2E3A27 356 475 364 482 
tgcT2E3A26 353 483 364 487
tgcT2E3A23 356 155 364 159 
tgcT2E3A22 353 160 364 167 
tgcT2E3A21 356 168 364 175 
tgcT2E3A20 353 176 364 180 
tgcT2E3A19 356 181 364 188 
tgcT2E3A18 353 189 364 196 
tgcT2E3A17 356 197 364 204 
tgcT2E3A16 353 205 364 212 
tgcT2E3A15 356 210 364 217 
tgcT2E3A14 353 218 364 225 
tgcT2E3A13 356 226 364 233 
tgcT2E3A12 353 234 364 238 
tgcT2E3A11 356 239 364 246 
tgcT2E3A10 356 247 364 254 
tgcT2E3A09 356 255 364 262 
tgcT2E3A08 353 263 364 270 
tgcT2E3A07 356 271 364 276 
tgcT2E3A06 353 277 364 283 
tgcT2E3A05 356 284 364 291 
tgcT2E3A04 356 292 364 299 
tgcT2E3A03 356 300 364 307 
tgcT2E3A02 353 306 364 313 
tgcT2E3A01 356 314 364 321 
tgcT2E3C48 184 321 192 328 
tgcT2E3C47 184 329 192 336 
tgcT2E3C46 184 335 192 342 
tgcT2E3C45 184 343 192 350 
tgcT2E3C44 184 351 195 358 
tgcT2E3C43 184 359 192 365 
tgcT2E3C42 184 366 195 371 
tgcT2E3C41 184 372 192 379 
tgcT2E3C40 184 380 195 387 
tgcT2E3C39 184 388 192 395 
tgcT2E3C38 184 396 195 403 
tgcT2E3C37 184 401 192 408 
tgcT2E3C36 184 409 192 416 
tgcT2E3C35 184 417 192 424 
tgcT2E3C34 184 425 192 432 
tgcT2E3C33 184 430 192 437 
tgcT2E3C32 184 438 195 445 
tgcT2E3C31 184 446 192 453 
tgcT2E3C30 184 454 195 461 
tgcT2E3C29 184 462 192 466 
tgcT2E3C28 184 467 192 474 
tgcT2E3C27 184 475 192 482 
tgcT2E3C26 184 483 195 487 
tgcT2E3C23 184 155 192 159 
tgcT2E3C22 184 160 192 167 
tgcT2E3C21 184 168 192 175 
tgcT2E3C20 184 176 195 180 
tgcT2E3C19 184 181 192 188 
tgcT2E3C18 184 189 192 196 
tgcT2E3C17 184 197 192 204 
tgcT2E3C16 184 205 192 212 
tgcT2E3C15 184 210 192 217 
tgcT2E3C14 184 218 195 225 
tgcT2E3C13 184 226 192 233 
tgcT2E3C12 184 234 195 241 
tgcT2E3C11 184 239 192 246 
tgcT2E3C10 184 247 195 254 
tgcT2E3C09 184 255 192 262 
tgcT2E3C08 184 263 195 270 
tgcT2E3C07 184 271 192 276 
tgcT2E3C06 184 277 195 283 
tgcT2E3C05 184 284 192 291 
tgcT2E3C04 184 292 192 299 
tgcT2E3C03 184 300 192 307 
tgcT2E3C02 184 306 192 313 
tgcT2E3C01 184 314 192 321 
tgcT2E2A48 363 321 382 328 
tgcT2E2A47 363 329 382 336 
tgcT2E2A46 363 335 382 342 
tgcT2E2A45 363 343 382 350 
tgcT2E2A44 363 351 382 358 
tgcT2E2A43 363 359 382 365 
tgcT2E2A42 363 366 382 371 
tgcT2E2A41 363 372 382 379 
tgcT2E2A40 363 380 382 387 
tgcT2E2A39 363 388 382 395 
tgcT2E2A38 363 396 382 403 
tgcT2E2A37 363 401 382 408 
tgcT2E2A36 363 409 382 416 
tgcT2E2A35 363 417 382 424 
tgcT2E2A34 363 425 382 432 
tgcT2E2A33 363 430 382 437 
tgcT2E2A32 363 438 382 445 
tgcT2E2A31 363 446 382 453 
tgcT2E2A30 363 454 382 461 
tgcT2E2A29 363 462 382 469 
tgcT2E2A28 363 467 382 474 
tgcT2E2A27 363 475 382 482 
tgcT2E2A26 363 483 382 487 
tgcT2E2A23 363 155 382 159 
tgcT2E2A22 363 160 382 167 
tgcT2E2A21 363 168 382 175 
tgcT2E2A20 363 173 382 180 
tgcT2E2A19 363 181 382 188 
tgcT2E2A18 363 189 382 196 
tgcT2E2A17 363 197 382 204 
tgcT2E2A16 363 205 382 209 
tgcT2E2A15 363 210 382 217 
tgcT2E2A14 363 218 382 225 
tgcT2E2A13 363 226 382 233 
tgcT2E2A12 363 234 382 241 
tgcT2E2A11 363 239 382 246 
tgcT2E2A10 363 247 382 254 
tgcT2E2A09 363 255 382 262 
tgcT2E2A08 363 263 382 270 
tgcT2E2A07 363 271 382 276 
tgcT2E2A06 363 277 382 283 
tgcT2E2A05 363 284 382 291 
tgcT2E2A04 363 292 382 299 
tgcT2E2A03 363 300 382 307 
tgcT2E2A02 363 306 382 313 
tgcT2E2A01 363 314 382 321 
tgcT2E2C48 166 321 185 328 
tgcT2E2C47 166 329 185 336 
tgcT2E2C46 166 335 185 342 
tgcT2E2C45 166 343 185 350 
tgcT2E2C44 166 351 185 358 
tgcT2E2C43 166 359 185 365 
tgcT2E2C42 166 366 185 371 
tgcT2E2C41 166 372 185 379 
tgcT2E2C40 166 380 185 387 
tgcT2E2C39 166 388 185 395 
tgcT2E2C38 166 396 185 403 
tgcT2E2C37 166 401 185 408 
tgcT2E2C36 166 409 185 416 
tgcT2E2C35 166 417 185 424 
tgcT2E2C34 166 425 185 432 
tgcT2E2C33 166 430 185 437 
tgcT2E2C32 166 438 185 445 
tgcT2E2C31 166 446 185 453 
tgcT2E2C30 166 454 185 461 
tgcT2E2C29 166 462 185 469 
tgcT2E2C28 166 467 185 474 
tgcT2E2C27 166 475 185 482 
tgcT2E2C26 166 483 185 487 
tgcT2E2C23 166 155 185 159 
tgcT2E2C22 166 160 185 167 
tgcT2E2C21 166 168 185 175 
tgcT2E2C20 166 173 185 180 
tgcT2E2C19 166 181 185 188 
tgcT2E2C18 166 189 185 196 
tgcT2E2C17 166 197 185 204 
tgcT2E2C16 166 205 185 212 
tgcT2E2C15 166 210 185 217 
tgcT2E2C14 166 218 185 225 
tgcT2E2C13 166 226 185 233 
tgcT2E2C12 166 234 185 241 
tgcT2E2C11 166 239 185 246 
tgcT2E2C10 166 247 185 254 
tgcT2E2C09 166 255 185 262 
tgcT2E2C08 166 263 185 270 
tgcT2E2C07 166 269 185 276 
tgcT2E2C06 166 277 185 283 
tgcT2E2C05 166 284 185 291 
tgcT2E2C04 166 292 185 299 
tgcT2E2C03 166 300 185 305 
tgcT2E2C02 166 306 185 313 
tgcT2E2C01 166 314 185 321 
tgcT2E1A48 381 321 404 328 
tgcT2E1A47 381 329 407 336 
tgcT2E1A46 381 335 404 342 
tgcT2E1A45 381 343 407 350 
tgcT2E1A44 381 351 404 358 
tgcT2E1A43 381 359 407 365 
tgcT2E1A42 381 364 404 373 
tgcT2E1A41 381 372 404 379 
tgcT2E1A40 381 380 404 387 
tgcT2E1A39 381 388 407 395 
tgcT2E1A38 381 396 404 403 
tgcT2E1A37 381 401 407 408 
tgcT2E1A36 381 409 404 416 
tgcT2E1A35 381 417 407 424 
tgcT2E1A34 381 425 404 432 
tgcT2E1A33 381 430 404 437 
tgcT2E1A32 381 438 404 445 
tgcT2E1A31 381 446 407 453 
tgcT2E1A30 381 454 404 461 
tgcT2E1A29 381 459 407 469 
tgcT2E1A28 381 467 404 474 
tgcT2E1A27 381 475 407 482 
tgcT2E1A26 381 483 404 487 
tgcT2E1A23 381 155 407 159 
tgcT2E1A22 381 160 404 167 
tgcT2E1A21 381 168 407 175 
tgcT2E1A20 381 173 404 180 
tgcT2E1A19 381 181 407 188 
tgcT2E1A18 381 189 404 196 
tgcT2E1A17 381 197 407 204 
tgcT2E1A16 381 205 404 212 
tgcT2E1A15 381 210 407 217 
tgcT2E1A14 381 218 404 225 
tgcT2E1A13 381 226 407 233 
tgcT2E1A12 381 234 404 241 
tgcT2E1A11 381 239 407 246 
tgcT2E1A10 381 247 404 254 
tgcT2E1A09 381 255 407 262 
tgcT2E1A08 381 263 404 270 
tgcT2E1A07 381 269 407 278 
tgcT2E1A06 381 277 404 283 
tgcT2E1A05 381 284 407 291 
tgcT2E1A04 381 292 404 299 
tgcT2E1A03 381 300 407 307 
tgcT2E1A02 381 306 404 313 
tgcT2E1A01 381 314 407 321 
tgcT2E1C48 144 321 167 328 
tgcT2E1C47 141 329 167 336 
tgcT2E1C46 144 335 167 342 
tgcT2E1C45 141 343 167 350 
tgcT2E1C44 144 351 167 358 
tgcT2E1C43 141 359 167 365 
tgcT2E1C42 144 364 167 373 
tgcT2E1C41 141 372 167 379 
tgcT2E1C40 144 380 167 387 
tgcT2E1C39 141 388 167 395 
tgcT2E1C38 144 396 167 403 
tgcT2E1C37 141 401 167 408 
tgcT2E1C36 144 409 167 416 
tgcT2E1C35 144 417 167 424 
tgcT2E1C34 144 425 167 432 
tgcT2E1C33 141 430 167 437 
tgcT2E1C32 144 438 167 445 
tgcT2E1C31 141 446 167 453 
tgcT2E1C30 144 454 167 461 
tgcT2E1C29 141 462 167 469 
tgcT2E1C28 144 467 167 474 
tgcT2E1C27 141 475 167 482 
tgcT2E1C26 144 483 167 487 
tgcT2E1C23 141 155 167 159 
tgcT2E1C22 144 160 167 167 
tgcT2E1C21 141 168 167 175 
tgcT2E1C20 144 173 167 183 
tgcT2E1C19 144 181 167 188 
tgcT2E1C18 144 189 167 196 
tgcT2E1C17 141 197 167 204 
tgcT2E1C16 144 205 167 212 
tgcT2E1C15 141 210 167 217 
tgcT2E1C14 144 218 167 225 
tgcT2E1C13 141 226 167 233 
tgcT2E1C12 144 234 167 241 
tgcT2E1C11 141 239 167 246 
tgcT2E1C10 144 247 167 254 
tgcT2E1C09 141 255 167 262 
tgcT2E1C08 144 263 167 270 
tgcT2E1C07 141 269 167 278 
tgcT2E1C06 144 277 167 283 
tgcT2E1C05 141 284 167 291 
tgcT2E1C04 144 292 167 299 
tgcT2E1C03 141 300 167 307 
tgcT2E1C02 144 306 167 313 
tgcT2E1C01 144 314 167 321 
tgcT2F1A24 403 321 439 336 
tgcT2F1A23 403 335 439 350 
tgcT2F1A22 403 351 439 365 
tgcT2F1A21 403 366 439 379 
tgcT2F1A20 403 380 439 395 
tgcT2F1A19 403 396 439 408 
tgcT2F1A18 403 409 439 424 
tgcT2F1A17 403 425 439 437 
tgcT2F1A16 403 438 439 453 
tgcT2F1A15 403 454 439 469 
tgcT2F1A14 403 467 439 482 
tgcT2F1A13 403 483 439 487 
tgcT2F1A12 403 155 439 159 
tgcT2F1A11 403 160 439 175 
tgcT2F1A10 403 173 439 188 
tgcT2F1A09 403 189 439 204 
tgcT2F1A08 403 205 439 217 
tgcT2F1A07 403 218 439 233 
tgcT2F1A06 403 234 439 246 
tgcT2F1A05 403 247 439 262 
tgcT2F1A04 403 263 439 278 
tgcT2F1A03 403 277 439 291 
tgcT2F1A02 403 292 439 307 
tgcT2F1A01 403 306 439 321 
tgcT2F1C24 109 321 145 336 
tgcT2F1C23 109 335 145 350 
tgcT2F1C22 109 351 145 365 
tgcT2F1C21 109 366 145 379 
tgcT2F1C20 109 380 145 395 
tgcT2F1C19 109 396 145 408 
tgcT2F1C18 109 409 145 424 
tgcT2F1C17 109 425 145 437 
tgcT2F1C16 109 438 145 453 
tgcT2F1C15 109 454 145 466 
tgcT2F1C14 109 467 145 482 
tgcT2F1C13 109 483 145 487 
tgcT2F1C12 109 155 145 159 
tgcT2F1C11 109 160 145 175 
tgcT2F1C10 109 173 145 188 
tgcT2F1C09 109 189 145 204 
tgcT2F1C08 109 205 145 217 
tgcT2F1C07 109 218 145 233 
tgcT2F1C06 109 234 145 246 
tgcT2F1C05 109 247 145 262 
tgcT2F1C04 109 263 145 276 
tgcT2F1C03 109 277 145 291 
tgcT2F1C02 109 292 145 307 
tgcT2F1C01 109 306 145 321 
tgcT1E4A48 344 321 351 328 
tgcT1E4A47 344 329 351 336 
tgcT1E4A46 344 335 351 342 
tgcT1E4A45 344 343 351 350 
tgcT1E4A44 344 351 351 358 
tgcT1E4A43 344 359 351 365 
tgcT1E4A42 344 366 351 371 
tgcT1E4A41 344 372 351 379 
tgcT1E4A40 344 380 351 387 
tgcT1E4A39 344 388 351 395 
tgcT1E4A38 344 396 351 400 
tgcT1E4A37 344 401 351 408 
tgcT1E4A36 344 409 351 416 
tgcT1E4A35 344 417 351 424 
tgcT1E4A34 344 425 351 432 
tgcT1E4A33 344 430 351 437 
tgcT1E4A32 344 438 351 445 
tgcT1E4A31 344 446 351 453 
tgcT1E4A30 344 454 351 461 
tgcT1E4A29 344 462 351 466 
tgcT1E4A28 344 467 351 474 
tgcT1E4A27 344 475 351 482 
tgcT1E4A26 344 483 351 487 
tgcT1E4A23 344 155 351 159 
tgcT1E4A22 344 160 351 167 
tgcT1E4A21 344 168 351 175 
tgcT1E4A20 344 176 351 180 
tgcT1E4A19 344 181 351 188 
tgcT1E4A18 344 189 351 196 
tgcT1E4A17 344 197 351 204 
tgcT1E4A16 344 205 351 209 
tgcT1E4A15 344 210 351 217 
tgcT1E4A14 344 218 351 225 
tgcT1E4A13 344 226 351 233 
tgcT1E4A12 344 234 351 241 
tgcT1E4A11 344 242 351 246 
tgcT1E4A10 344 247 351 254 
tgcT1E4A09 344 255 351 262 
tgcT1E4A08 344 263 351 270 
tgcT1E4A07 344 271 351 276 
tgcT1E4A06 344 277 351 283 
tgcT1E4A05 344 284 351 291 
tgcT1E4A04 344 292 351 299 
tgcT1E4A03 344 300 351 305 
tgcT1E4A02 344 306 351 313 
tgcT1E4A01 344 316 351 321 
tgcT1E4C48 197 321 204 328 
tgcT1E4C47 197 329 204 336 
tgcT1E4C46 197 337 204 342 
tgcT1E4C45 197 343 204 350 
tgcT1E4C44 197 351 204 358 
tgcT1E4C43 197 359 204 365 
tgcT1E4C42 197 366 204 371 
tgcT1E4C41 197 372 204 379 
tgcT1E4C40 197 380 204 387 
tgcT1E4C39 197 388 204 395 
tgcT1E4C38 197 396 204 403 
tgcT1E4C37 197 401 204 408 
tgcT1E4C36 197 409 204 416 
tgcT1E4C35 197 417 204 424 
tgcT1E4C34 197 425 204 432 
tgcT1E4C33 197 433 204 437 
tgcT1E4C32 197 438 204 445 
tgcT1E4C31 197 446 204 453 
tgcT1E4C30 197 454 204 461 
tgcT1E4C29 197 462 204 466 
tgcT1E4C28 197 467 204 474 
tgcT1E4C27 197 475 204 482 
tgcT1E4C26 197 483 204 487 
tgcT1E4C23 197 155 204 159 
tgcT1E4C22 197 160 204 167 
tgcT1E4C21 197 168 204 175 
tgcT1E4C20 197 176 204 180 
tgcT1E4C19 197 181 204 188 
tgcT1E4C18 197 189 204 196 
tgcT1E4C17 197 197 204 204 
tgcT1E4C16 197 205 204 212 
tgcT1E4C15 197 210 204 217 
tgcT1E4C14 197 218 204 225 
tgcT1E4C13 197 226 204 233 
tgcT1E4C12 197 234 204 241 
tgcT1E4C11 197 242 204 246 
tgcT1E4C10 197 247 204 254 
tgcT1E4C09 197 255 204 262 
tgcT1E4C08 197 263 204 270 
tgcT1E4C07 197 271 204 276 
tgcT1E4C06 197 277 204 283 
tgcT1E4C05 197 284 204 291 
tgcT1E4C04 197 292 204 299 
tgcT1E4C03 197 300 204 305 
tgcT1E4C02 197 306 204 313 
tgcT1E4C01 197 314 204 321 
tgcT1E3A48 350 321 357 328 
tgcT1E3A47 350 329 360 336 
tgcT1E3A46 350 337 357 342 
tgcT1E3A45 350 343 357 350 
tgcT1E3A44 350 351 357 358 
tgcT1E3A43 350 359 357 365 
tgcT1E3A42 350 366 357 371 
tgcT1E3A41 350 372 357 379 
tgcT1E3A40 350 380 357 387 
tgcT1E3A39 350 388 360 395 
tgcT1E3A38 350 396 357 400 
tgcT1E3A37 350 401 357 408 
tgcT1E3A36 350 409 357 416 
tgcT1E3A35 350 417 357 424 
tgcT1E3A34 350 425 357 432 
tgcT1E3A33 350 433 357 437 
tgcT1E3A32 350 438 357 445 
tgcT1E3A31 350 446 357 453 
tgcT1E3A30 350 454 357 461 
tgcT1E3A29 350 462 357 466 
tgcT1E3A28 350 467 357 474 
tgcT1E3A27 350 475 360 482 
tgcT1E3A26 350 483 357 487 
tgcT1E3A23 350 155 360 159 
tgcT1E3A22 350 160 357 167 
tgcT1E3A21 350 168 357 175 
tgcT1E3A20 350 176 357 180 
tgcT1E3A19 350 181 360 188 
tgcT1E3A18 350 189 357 196 
tgcT1E3A17 350 197 360 204 
tgcT1E3A16 350 205 357 212 
tgcT1E3A15 350 210 360 217 
tgcT1E3A14 350 218 357 225 
tgcT1E3A13 350 226 357 233 
tgcT1E3A12 350 234 357 238 
tgcT1E3A11 350 239 357 246 
tgcT1E3A10 350 247 357 254 
tgcT1E3A09 350 255 357 262 
tgcT1E3A08 350 263 357 270 
tgcT1E3A07 350 271 357 276 
tgcT1E3A06 350 277 357 283 
tgcT1E3A05 350 284 360 291 
tgcT1E3A04 350 292 357 299 
tgcT1E3A03 350 300 360 307 
tgcT1E3A02 350 306 357 313 
tgcT1E3A01 350 314 357 321 
tgcT1E3C48 191 321 198 328 
tgcT1E3C47 191 329 198 336 
tgcT1E3C46 191 335 198 342 
tgcT1E3C45 191 343 198 350 
tgcT1E3C44 191 351 198 358 
tgcT1E3C43 188 359 198 365 
tgcT1E3C42 191 366 198 371 
tgcT1E3C41 191 372 198 379 
tgcT1E3C40 191 380 198 387 
tgcT1E3C39 188 388 198 395 
tgcT1E3C38 191 396 198 403 
tgcT1E3C37 188 401 198 408 
tgcT1E3C36 191 409 198 416 
tgcT1E3C35 191 417 198 424 
tgcT1E3C34 191 425 198 432 
tgcT1E3C33 191 430 198 437 
tgcT1E3C32 191 438 198 445 
tgcT1E3C31 191 446 198 453 
tgcT1E3C30 191 454 198 461 
tgcT1E3C29 191 462 198 466 
tgcT1E3C28 191 467 198 474 
tgcT1E3C27 188 475 198 482 
tgcT1E3C26 191 483 198 487 
tgcT1E3C23 191 155 198 159 
tgcT1E3C22 191 160 198 167 
tgcT1E3C21 191 168 198 175 
tgcT1E3C20 191 176 198 180 
tgcT1E3C19 188 181 198 188 
tgcT1E3C18 191 189 198 196 
tgcT1E3C17 188 197 198 204 
tgcT1E3C16 191 205 198 212 
tgcT1E3C15 188 210 198 217 
tgcT1E3C14 191 218 198 225 
tgcT1E3C13 188 226 198 233 
tgcT1E3C12 191 234 198 241 
tgcT1E3C11 188 242 198 246 
tgcT1E3C10 191 247 198 254 
tgcT1E3C09 188 255 198 262 
tgcT1E3C08 191 263 198 270 
tgcT1E3C07 191 271 198 276 
tgcT1E3C06 191 277 198 283 
tgcT1E3C05 191 284 198 291 
tgcT1E3C04 191 292 198 299 
tgcT1E3C03 191 300 198 307 
tgcT1E3C02 191 306 198 313 
tgcT1E3C01 191 314 198 321 
tgcT1E2A48 356 321 376 328 
tgcT1E2A47 356 329 376 336 
tgcT1E2A46 356 335 376 342 
tgcT1E2A45 356 343 376 350 
tgcT1E2A44 356 351 376 358 
tgcT1E2A43 356 359 376 365 
tgcT1E2A42 356 366 376 371 
tgcT1E2A41 356 372 376 379 
tgcT1E2A40 356 380 376 387 
tgcT1E2A39 356 388 376 395 
tgcT1E2A38 356 396 376 403 
tgcT1E2A37 356 401 376 408 
tgcT1E2A36 356 409 376 416 
tgcT1E2A35 356 417 376 424 
tgcT1E2A34 356 425 376 432 
tgcT1E2A33 356 430 376 437 
tgcT1E2A32 356 438 376 445 
tgcT1E2A31 359 446 376 453 
tgcT1E2A30 356 454 376 461 
tgcT1E2A29 359 462 376 466 
tgcT1E2A28 356 467 376 474 
tgcT1E2A27 359 475 376 482 
tgcT1E2A26 356 483 376 487 
tgcT1E2A23 356 155 376 159 
tgcT1E2A22 356 160 376 167 
tgcT1E2A21 356 168 376 175 
tgcT1E2A20 356 173 376 180 
tgcT1E2A19 356 181 376 188 
tgcT1E2A18 356 189 376 196 
tgcT1E2A17 356 197 376 204 
tgcT1E2A16 356 205 376 212 
tgcT1E2A15 356 210 376 217 
tgcT1E2A14 356 218 376 225 
tgcT1E2A13 356 226 376 233 
tgcT1E2A12 356 234 376 241 
tgcT1E2A11 356 239 376 246 
tgcT1E2A10 356 247 376 254 
tgcT1E2A09 356 255 376 262 
tgcT1E2A08 356 263 376 270 
tgcT1E2A07 356 271 376 276 
tgcT1E2A06 356 277 376 283 
tgcT1E2A05 356 284 376 291 
tgcT1E2A04 356 292 376 299 
tgcT1E2A03 356 300 376 307 
tgcT1E2A02 356 306 376 313 
tgcT1E2A01 356 314 376 321 
tgcT1E2C48 172 321 192 328 
tgcT1E2C47 172 329 192 336 
tgcT1E2C46 172 335 192 342 
tgcT1E2C45 172 343 189 350 
tgcT1E2C44 172 351 192 358 
tgcT1E2C43 172 359 192 365 
tgcT1E2C42 172 366 192 371 
tgcT1E2C41 172 372 192 379 
tgcT1E2C40 172 380 192 387 
tgcT1E2C39 172 388 192 395 
tgcT1E2C38 172 396 192 403 
tgcT1E2C37 172 401 192 408 
tgcT1E2C36 172 409 192 416 
tgcT1E2C35 172 417 192 424 
tgcT1E2C34 172 425 192 432 
tgcT1E2C33 172 430 192 437 
tgcT1E2C32 172 438 192 445 
tgcT1E2C31 172 446 192 453 
tgcT1E2C30 172 454 192 461 
tgcT1E2C29 172 462 192 466 
tgcT1E2C28 172 467 192 474 
tgcT1E2C27 172 475 192 482 
tgcT1E2C26 172 483 192 487 
tgcT1E2C23 172 155 192 159 
tgcT1E2C22 172 160 192 167 
tgcT1E2C21 172 168 189 175 
tgcT1E2C20 172 176 192 180 
tgcT1E2C19 172 181 192 188 
tgcT1E2C18 172 189 192 196 
tgcT1E2C17 172 197 192 204 
tgcT1E2C16 172 205 192 212 
tgcT1E2C15 172 210 192 217 
tgcT1E2C14 172 218 192 225 
tgcT1E2C13 172 226 192 233 
tgcT1E2C12 172 234 192 241 
tgcT1E2C11 172 239 192 246 
tgcT1E2C10 172 247 192 254 
tgcT1E2C09 172 255 192 262 
tgcT1E2C08 172 263 192 270 
tgcT1E2C07 172 269 192 276 
tgcT1E2C06 172 277 192 283 
tgcT1E2C05 172 284 192 291 
tgcT1E2C04 172 292 192 299 
tgcT1E2C03 172 300 192 307 
tgcT1E2C02 172 306 192 313 
tgcT1E2C01 172 314 192 321 
tgcT1E1A48 375 321 404 328 
tgcT1E1A47 375 329 404 336 
tgcT1E1A46 375 335 404 342 
tgcT1E1A45 375 343 404 350 
tgcT1E1A44 375 351 404 358 
tgcT1E1A43 375 359 404 365 
tgcT1E1A42 375 364 404 373 
tgcT1E1A41 375 372 404 379 
tgcT1E1A40 375 380 404 387 
tgcT1E1A39 375 388 404 395 
tgcT1E1A38 375 396 404 403 
tgcT1E1A37 375 401 404 408 
tgcT1E1A36 375 409 404 416 
tgcT1E1A35 375 417 404 424 
tgcT1E1A34 375 425 404 432 
tgcT1E1A33 375 430 404 437 
tgcT1E1A32 375 438 404 445 
tgcT1E1A31 375 446 404 453 
tgcT1E1A30 375 454 404 461 
tgcT1E1A29 375 459 404 469 
tgcT1E1A28 375 467 404 474 
tgcT1E1A27 375 475 404 482 
tgcT1E1A26 375 483 404 487 
tgcT1E1A23 375 155 404 159 
tgcT1E1A22 375 160 404 167 
tgcT1E1A21 375 168 404 175 
tgcT1E1A20 375 173 404 183 
tgcT1E1A19 375 181 404 188 
tgcT1E1A18 375 189 404 196 
tgcT1E1A17 375 197 404 204 
tgcT1E1A16 375 205 404 212 
tgcT1E1A15 375 210 404 217 
tgcT1E1A14 375 218 404 225 
tgcT1E1A13 375 226 404 233 
tgcT1E1A12 375 234 404 241 
tgcT1E1A11 375 239 404 246 
tgcT1E1A10 375 247 404 254 
tgcT1E1A09 375 255 404 262 
tgcT1E1A08 375 263 404 270 
tgcT1E1A07 375 269 404 278 
tgcT1E1A06 375 277 404 283 
tgcT1E1A05 375 284 404 291 
tgcT1E1A04 375 292 404 299 
tgcT1E1A03 375 300 404 307 
tgcT1E1A02 375 306 404 313 
tgcT1E1A01 375 314 404 321 
tgcT1E1C48 144 321 173 328 
tgcT1E1C47 144 329 173 336 
tgcT1E1C46 144 335 173 342 
tgcT1E1C45 144 343 173 350 
tgcT1E1C44 144 351 173 358 
tgcT1E1C43 144 359 173 365 
tgcT1E1C42 144 364 173 373 
tgcT1E1C41 144 372 173 379 
tgcT1E1C40 144 380 173 387 
tgcT1E1C39 144 388 173 395 
tgcT1E1C38 144 396 173 403 
tgcT1E1C37 144 401 173 408 
tgcT1E1C36 144 409 173 416 
tgcT1E1C35 144 417 173 424 
tgcT1E1C34 144 425 173 432 
tgcT1E1C33 144 430 173 437 
tgcT1E1C32 144 438 173 445 
tgcT1E1C31 144 446 173 453 
tgcT1E1C30 144 454 173 461 
tgcT1E1C29 144 459 173 469 
tgcT1E1C28 144 467 173 474 
tgcT1E1C27 144 475 173 482 
tgcT1E1C26 144 483 173 487 
tgcT1E1C23 144 155 173 159 
tgcT1E1C22 144 160 173 167 
tgcT1E1C21 144 168 173 175 
tgcT1E1C20 144 173 173 180 
tgcT1E1C19 144 181 173 188 
tgcT1E1C18 144 189 173 196 
tgcT1E1C17 144 197 173 204 
tgcT1E1C16 144 205 173 212 
tgcT1E1C15 144 210 173 217 
tgcT1E1C14 144 218 173 225 
tgcT1E1C13 144 226 173 233 
tgcT1E1C12 144 234 173 241 
tgcT1E1C11 144 239 173 246 
tgcT1E1C10 144 247 173 254 
tgcT1E1C09 144 255 173 262 
tgcT1E1C08 144 263 173 270 
tgcT1E1C07 144 269 173 278 
tgcT1E1C06 144 277 173 283 
tgcT1E1C05 144 284 173 291 
tgcT1E1C04 144 292 173 299 
tgcT1E1C03 144 300 173 307 
tgcT1E1C02 144 306 173 313 
tgcT1E1C01 144 314 173 321 
tgcT1F1A24 403 321 451 336 
tgcT1F1A23 403 335 451 350 
tgcT1F1A22 403 351 451 365 
tgcT1F1A21 400 366 451 379 
tgcT1F1A20 403 380 451 395 
tgcT1F1A19 403 396 451 408 
tgcT1F1A18 403 409 451 424 
tgcT1F1A17 403 425 451 437 
tgcT1F1A16 403 438 451 453 
tgcT1F1A15 403 454 451 469 
tgcT1F1A14 403 467 451 482 
tgcT1F1A13 403 483 448 487 
tgcT1F1A12 403 155 451 159 
tgcT1F1A11 403 160 451 175 
tgcT1F1A10 403 173 451 188 
tgcT1F1A09 400 189 451 204 
tgcT1F1A08 403 205 451 217 
tgcT1F1A07 400 218 451 233 
tgcT1F1A06 403 234 451 246 
tgcT1F1A05 403 247 451 262 
tgcT1F1A04 403 263 451 276 
tgcT1F1A03 403 277 451 291 
tgcT1F1A02 403 292 451 307 
tgcT1F1A01 403 306 451 321 
tgcT1F1C24  97 321 145 336 
tgcT1F1C23  97 335 148 350 
tgcT1F1C22  97 351 145 365 
tgcT1F1C21  97 366 145 379 
tgcT1F1C20  97 380 145 395 
tgcT1F1C19  97 396 148 408 
tgcT1F1C18  97 409 145 424 
tgcT1F1C17  97 425 148 437 
tgcT1F1C16  97 438 145 453 
tgcT1F1C15  97 454 148 469 
tgcT1F1C14  97 467 145 482 
tgcT1F1C13  97 483 145 487 
tgcT1F1C12  97 155 145 159 
tgcT1F1C11  97 160 148 175 
tgcT1F1C10  97 173 145 188 
tgcT1F1C09  97 189 145 204 
tgcT1F1C08  97 205 145 217 
tgcT1F1C07  97 218 145 233 
tgcT1F1C06  97 234 145 246 
tgcT1F1C05  97 247 145 262 
tgcT1F1C04  97 263 145 276 
tgcT1F1C03  97 277 145 291 
tgcT1F1C02  97 292 145 307 
tgcT1F1C01  97 306 145 321 
